0,2010,2,2,1,0,0,0,0,0,1,0
5,2011,1,0,0,0,0,0,0,0,0,1
30,2012,2,1,0,0,0,0,1,0,0,0
31,2011,3,3,0,0,0,0,0,0,1,0
33,2003,4,4,1,1,0,0,0,0,2,0
41,2007,1,1,1,0,0,0,0,0,0,0
41,2008,1,1,0,0,0,0,0,0,0,0
41,2009,3,3,2,1,0,0,0,0,1,0
60,2008,3,3,1,1,0,0,0,0,1,0
60,2009,3,3,0,0,0,0,0,0,1,0
68,2004,1,1,1,0,0,0,0,0,0,0
79,2004,2,1,0,0,0,0,1,0,1,0
79,2005,1,1,0,0,0,0,0,0,0,0
79,2006,3,1,0,0,0,0,2,0,0,0
86,2003,3,3,1,0,0,0,0,0,0,0
86,2004,2,2,1,0,0,0,0,0,1,0
86,2006,4,2,1,0,0,0,2,0,0,0
86,2007,3,3,2,1,1,0,0,0,1,0
86,2008,1,0,0,0,0,0,1,0,0,0
86,2009,2,2,0,0,0,0,0,0,2,0
86,2011,2,2,0,0,0,0,0,0,1,0
86,2012,1,1,0,0,0,0,0,0,0,0
104,2003,1,1,0,0,0,0,0,0,0,0
104,2004,3,2,1,1,0,0,0,1,1,0
116,2011,1,1,0,0,0,0,0,0,1,0
162,2012,1,1,0,0,0,0,0,0,0,0
186,2005,1,1,0,0,0,0,0,0,0,0
225,2012,3,3,1,0,0,0,0,0,0,0
239,2002,2,2,1,0,0,0,0,0,0,0
253,2010,2,2,2,0,0,0,0,0,0,0
261,2004,5,5,4,1,0,2,0,0,1,0
263,2010,3,3,1,1,0,0,0,0,2,0
290,2002,1,1,0,0,0,0,0,0,1,0
343,2012,1,1,1,0,0,1,0,0,0,0
354,2009,1,1,1,0,0,0,0,0,0,0
364,2004,2,1,1,0,0,0,1,0,0,0
364,2005,6,6,4,1,1,1,0,0,0,0
364,2006,5,4,1,0,0,1,1,0,0,0
380,2011,1,1,1,0,1,0,0,0,0,0
384,2004,10,8,0,0,0,0,2,0,3,0
384,2005,12,11,3,1,0,0,0,0,0,1
384,2006,6,6,2,0,0,0,0,0,0,0
384,2007,3,3,1,0,0,0,0,0,1,0
384,2008,3,2,1,0,0,0,0,0,0,0
384,2009,6,6,1,0,0,0,0,0,2,0
384,2011,3,3,2,0,0,0,0,0,0,0
395,2002,5,5,2,0,0,0,0,0,0,0
395,2003,2,2,1,0,0,0,0,0,1,0
412,2005,4,4,0,0,0,0,0,0,0,0
417,2004,2,0,0,0,0,0,2,0,0,0
417,2010,1,1,0,0,0,0,0,0,0,0
427,2009,1,0,0,0,0,0,1,0,0,0
438,2002,1,0,0,0,0,0,1,0,0,0
456,2010,3,3,1,1,0,0,0,0,1,0
459,2005,1,1,1,0,0,1,0,0,0,0
459,2007,1,1,1,0,0,0,0,0,0,0
459,2008,1,0,0,0,0,0,1,0,0,0
472,2006,3,3,3,1,0,0,0,0,0,0
475,2007,3,3,1,0,0,0,0,0,0,0
479,2009,3,2,1,0,0,0,0,1,0,0
479,2011,2,2,0,0,0,0,0,0,0,0
479,2012,1,1,0,0,0,0,0,0,0,0
482,2004,2,2,2,1,0,1,0,0,0,0
482,2008,5,3,0,0,0,0,2,0,2,0
485,2004,2,2,0,0,0,0,0,0,0,0
485,2005,4,4,0,0,0,0,0,0,0,0
485,2006,1,1,0,0,0,0,0,0,0,0
485,2010,1,1,0,0,0,0,0,0,1,0
494,2009,1,1,0,0,0,0,0,0,0,0
500,2007,2,2,0,0,0,0,0,0,1,0
500,2009,5,5,1,0,0,0,0,0,0,0
500,2011,3,3,0,0,0,0,0,0,1,0
528,2008,3,3,2,0,0,0,0,0,1,0
541,2002,2,1,1,0,0,0,1,0,0,0
541,2005,1,0,0,0,0,0,1,0,0,0
550,2007,1,1,0,0,0,0,0,0,0,0
550,2010,2,2,0,0,0,0,0,0,1,0
568,2008,3,3,1,0,0,0,0,0,0,0
574,2010,6,6,2,0,0,0,0,0,0,0
592,2010,1,1,0,0,0,0,0,0,0,0
633,2012,1,1,0,0,0,0,0,0,1,0
636,2007,3,2,1,0,0,0,1,0,0,0
681,2008,1,1,1,0,0,0,0,0,0,0
687,2009,3,3,1,0,0,0,0,0,0,0
687,2011,2,2,0,0,0,0,0,0,1,0
687,2012,1,0,0,0,0,0,1,0,0,0
698,2011,2,0,0,0,0,0,2,0,0,0
710,2002,5,5,1,0,0,0,0,0,1,0
710,2004,3,3,1,0,0,0,0,0,2,0
710,2006,1,1,0,0,0,0,0,0,1,0
719,2005,2,0,0,0,0,0,2,0,0,0
719,2008,1,0,0,0,0,0,1,0,0,0
719,2009,1,1,1,0,0,0,0,0,0,0
729,2007,2,1,0,0,0,0,1,0,0,0
752,2011,2,1,1,0,0,0,1,0,0,0
756,2002,1,1,0,0,0,0,0,0,1,0
762,2007,3,3,1,1,0,0,0,0,1,0
762,2008,4,4,1,1,0,0,0,0,0,0
764,2004,1,1,0,0,0,0,0,0,0,0
771,2004,2,2,0,0,0,0,0,0,0,0
771,2005,7,5,0,0,0,0,1,1,2,0
771,2011,3,3,0,0,0,0,0,0,2,0
786,2006,2,2,1,1,0,0,0,0,0,0
786,2007,1,1,0,0,0,0,0,0,0,0
786,2008,2,1,0,0,0,0,1,0,0,0
786,2011,1,1,0,0,0,0,0,0,0,0
794,2007,3,2,0,0,0,0,0,0,0,1
794,2009,2,1,1,0,0,0,1,0,0,0
794,2011,1,1,0,0,0,0,0,0,0,0
794,2012,2,2,0,0,0,0,0,0,1,0
795,2012,3,3,0,0,0,0,0,0,0,0
812,2006,1,1,0,0,0,0,0,0,1,0
812,2007,3,2,0,0,0,0,1,0,1,0
812,2008,3,3,1,1,0,0,0,0,1,0
812,2009,2,2,1,0,1,0,0,0,1,0
825,2002,2,1,1,0,0,1,0,0,0,1
825,2003,2,2,0,0,0,0,0,0,0,0
825,2004,5,5,1,0,0,1,0,0,0,0
825,2005,2,1,1,1,0,0,1,0,0,0
825,2007,1,1,1,1,0,0,0,0,0,0
828,2010,3,3,0,0,0,0,0,0,1,0
848,2003,1,1,0,0,0,0,0,0,0,0
848,2006,3,2,0,0,0,0,1,0,0,0
848,2007,2,2,0,0,0,0,0,0,1,0
859,2008,2,1,0,0,0,0,1,0,1,0
861,2003,2,2,0,0,0,0,0,0,0,0
861,2005,2,2,1,0,0,0,0,0,1,0
861,2006,1,0,0,0,0,0,1,0,0,0
863,2003,2,1,1,0,0,1,1,0,0,0
875,2010,4,4,0,0,0,0,0,0,0,0
880,2006,5,3,0,0,0,0,2,0,1,0
880,2007,3,2,2,0,0,1,1,0,0,0
880,2008,7,7,3,0,0,0,0,0,1,0
890,2003,2,2,0,0,0,0,0,0,0,0
920,2003,1,1,0,0,0,0,0,0,0,0
920,2011,1,1,0,0,0,0,0,0,0,0
932,2002,2,2,0,0,0,0,0,0,0,0
945,2002,2,1,1,1,0,0,1,0,0,0
962,2006,7,7,3,0,0,0,0,0,0,0
962,2007,8,6,1,0,0,0,2,0,1,0
962,2008,8,7,3,2,0,0,1,0,2,0
962,2011,7,5,1,0,0,0,2,0,0,0
962,2012,6,6,0,0,0,0,0,0,1,0
985,2008,3,3,0,0,0,0,0,0,1,0
985,2012,2,2,0,0,0,0,0,0,0,0
988,2004,3,3,0,0,0,0,0,0,1,0
1009,2005,6,6,1,0,0,0,0,0,0,0
1009,2008,2,2,1,0,0,0,0,0,0,0
1009,2009,3,3,0,0,0,0,0,0,0,0
1009,2010,3,3,0,0,0,0,0,0,0,0
1009,2011,4,3,0,0,0,0,1,0,1,0
1009,2012,3,3,2,0,1,0,0,0,0,0
1035,2010,1,0,0,0,0,0,1,0,0,0
1070,2009,2,2,2,0,0,0,0,0,0,0
1070,2011,1,1,0,0,0,0,0,0,0,0
1095,2003,1,1,0,0,0,0,0,0,0,0
1095,2004,5,4,0,0,0,0,1,0,1,0
1095,2005,3,3,0,0,0,0,0,0,1,0
1095,2008,3,3,1,0,0,0,0,0,0,0
1095,2010,9,8,3,1,0,0,1,0,0,0
1102,2010,2,2,0,0,0,0,0,0,0,0
1133,2004,7,7,4,2,0,0,0,0,2,0
1133,2006,1,1,0,0,0,0,0,0,0,0
1133,2007,1,1,0,0,0,0,0,0,0,0
1133,2008,1,1,0,0,0,0,0,0,1,0
1138,2005,1,1,0,0,0,0,0,0,0,0
1138,2006,1,1,0,0,0,0,0,0,0,0
1181,2011,2,2,2,0,0,0,0,0,0,0
1190,2007,2,2,0,0,0,0,0,0,0,0
1190,2008,1,1,1,0,0,0,0,0,0,0
1203,2003,1,1,0,0,0,0,0,0,0,0
1206,2008,2,2,0,0,0,0,0,0,0,0
1206,2009,3,3,0,0,0,0,0,0,0,0
1221,2003,1,1,1,1,0,0,0,0,0,0
1221,2004,1,1,1,0,0,0,0,0,0,0
1221,2007,1,0,0,0,0,0,1,0,0,0
1225,2009,3,3,1,0,0,0,0,0,0,0
1225,2010,4,4,0,0,0,0,0,0,1,0
1240,2010,2,2,1,1,0,0,0,0,1,0
1265,2011,1,1,1,1,0,0,0,0,0,0
1268,2003,2,2,0,0,0,0,0,0,1,0
1268,2004,8,7,2,1,1,0,1,0,1,0
1268,2005,7,6,3,1,0,1,0,1,1,0
1268,2006,1,1,0,0,0,0,0,0,0,0
1289,2009,2,2,0,0,0,0,0,0,0,0
1289,2010,2,2,0,0,0,0,0,0,0,0
1342,2002,4,4,2,0,0,0,0,0,0,0
1343,2004,1,1,0,0,0,0,0,0,1,0
1343,2005,1,1,0,0,0,0,0,0,1,0
1343,2006,2,1,0,0,0,0,1,0,0,0
1343,2007,6,6,0,0,0,0,0,0,2,0
1343,2008,1,1,0,0,0,0,0,0,0,0
1368,2011,2,2,0,0,0,0,0,0,2,0
1368,2012,1,1,0,0,0,0,0,0,0,0
1399,2004,1,1,0,0,0,0,0,0,0,0
1399,2006,1,1,1,0,0,0,0,0,0,0
1406,2004,6,6,1,0,0,0,0,0,0,0
1433,2006,4,2,1,0,0,1,2,0,0,0
1433,2007,3,3,2,0,0,0,0,0,0,0
1433,2008,1,1,1,0,0,0,0,0,0,0
1433,2011,1,1,1,0,0,0,0,0,0,0
1454,2007,1,0,0,0,0,0,1,0,0,0
1477,2010,3,3,1,0,0,0,0,0,1,0
1482,2007,2,2,1,0,0,0,0,0,1,0
1482,2008,2,1,1,1,0,0,1,0,0,0
1484,2009,5,4,3,1,0,0,1,0,0,0
1495,2002,4,4,1,0,0,0,0,0,0,0
1495,2003,3,2,0,0,0,0,1,0,0,0
1495,2004,3,3,1,1,0,0,0,0,2,0
1495,2010,14,14,4,0,0,0,0,0,2,0
1495,2012,4,3,1,0,0,0,1,0,0,0
1505,2002,1,1,1,0,0,0,0,0,0,0
1505,2005,1,1,1,0,0,0,0,0,0,0
1506,2009,1,1,1,0,0,0,0,0,0,0
1506,2010,1,1,0,0,0,0,0,0,0,0
1514,2011,12,12,3,0,0,0,0,0,1,0
1514,2012,1,1,1,0,0,0,0,0,0,0
1531,2005,2,2,2,1,0,0,0,0,0,0
1531,2007,1,1,1,0,0,1,0,0,0,0
1546,2003,8,7,1,0,0,0,1,0,0,0
1556,2010,7,7,1,0,0,0,0,0,2,0
1557,2012,1,1,1,0,0,0,0,0,0,0
1565,2009,2,2,0,0,0,0,0,0,1,0
1570,2007,6,5,1,0,0,0,1,0,0,0
1583,2009,3,3,0,0,0,0,0,0,0,0
1583,2012,1,1,1,1,0,0,0,0,0,0
1596,2006,7,7,1,0,0,0,0,0,2,0
1596,2007,6,6,0,0,0,0,0,0,1,0
1596,2010,1,1,1,0,0,0,0,0,0,0
1634,2002,6,6,0,0,0,0,0,0,0,0
1634,2005,2,2,2,1,0,0,0,0,0,0
1635,2005,2,2,0,0,0,0,0,0,2,0
1635,2008,1,0,0,0,0,0,1,0,0,0
1645,2004,5,3,2,0,0,0,1,1,1,0
1645,2005,12,11,3,1,0,0,1,0,5,0
1645,2007,7,6,1,0,0,0,0,1,1,0
1645,2009,3,2,1,1,0,0,1,0,0,0
1666,2009,3,2,1,0,0,0,1,0,0,0
1666,2010,3,2,1,0,0,0,0,0,0,1
1666,2012,2,2,0,0,0,0,0,0,0,0
1669,2006,11,11,0,0,0,0,0,0,2,0
1669,2007,10,7,0,0,0,0,3,0,0,0
1669,2009,3,3,2,0,0,0,0,0,0,0
1669,2011,15,13,4,1,0,0,2,0,2,0
1675,2005,1,1,1,0,0,0,0,0,0,0
1675,2009,1,1,0,0,0,0,0,0,1,0
1699,2007,2,2,0,0,0,0,0,0,1,0
1699,2008,2,2,1,0,0,0,0,0,0,0
1718,2008,5,5,1,0,0,0,0,0,0,0
1732,2004,1,1,0,0,0,0,0,0,0,0
1732,2010,2,2,1,0,1,0,0,0,0,0
1732,2012,2,2,0,0,0,0,0,0,0,0
1764,2006,1,0,0,0,0,0,1,0,0,0
1769,2006,1,1,0,0,0,0,0,0,1,0
1769,2007,1,0,0,0,0,0,0,0,0,0
1769,2008,1,1,0,0,0,0,0,0,0,0
1769,2009,1,0,0,0,0,0,0,0,0,0
1773,2006,2,2,1,0,0,0,0,0,0,0
1773,2007,3,3,0,0,0,0,0,0,1,0
1773,2011,2,2,1,1,0,0,0,0,0,0
1773,2012,5,5,1,0,0,0,0,0,2,0
1789,2009,1,1,1,0,0,0,0,0,0,0
1790,2007,3,3,3,1,0,0,0,0,0,0
1801,2010,10,10,2,0,0,0,0,0,1,0
1803,2011,1,1,1,1,0,0,0,0,0,0
1806,2005,3,3,0,0,0,0,0,0,1,0
1806,2009,8,6,1,0,0,0,1,1,1,0
1806,2011,6,4,1,0,0,0,1,0,1,1
1820,2010,3,3,0,0,0,0,0,0,0,0
1825,2009,2,1,1,0,0,0,0,0,0,1
1828,2006,5,5,0,0,0,0,0,0,1,0
1829,2003,2,2,0,0,0,0,0,0,0,0
1829,2005,1,1,0,0,0,0,0,0,0,0
1829,2006,1,1,0,0,0,0,0,0,0,0
1846,2002,2,2,0,0,0,0,0,0,1,0
1846,2003,4,4,1,0,0,1,0,0,1,0
1846,2004,4,4,1,0,0,0,0,0,0,0
1846,2005,1,1,0,0,0,0,0,0,0,0
1869,2008,2,2,2,0,1,0,0,0,0,0
1870,2006,2,2,0,0,0,0,0,0,0,0
1889,2006,1,1,0,0,0,0,0,0,0,0
1943,2010,3,3,0,0,0,0,0,0,1,0
1957,2004,1,0,0,0,0,0,1,0,0,0
1957,2005,1,1,0,0,0,0,0,0,1,0
1971,2011,3,2,2,1,0,0,1,0,0,0
1972,2005,3,3,2,0,0,0,0,0,0,0
1972,2007,1,1,1,0,0,0,0,0,0,0
1972,2008,3,3,1,1,0,0,0,0,1,0
1982,2010,2,2,0,0,0,0,0,0,0,0
1991,2011,2,2,0,0,0,0,0,0,0,0
2011,2009,2,1,0,0,0,0,1,0,0,0
2011,2010,2,2,1,1,0,0,0,0,0,0
2018,2004,4,4,0,0,0,0,0,0,0,0
2018,2005,8,8,1,0,0,0,0,0,1,0
2018,2010,1,1,0,0,0,0,0,0,0,0
2018,2011,3,3,1,0,0,0,0,0,0,0
2027,2007,3,2,1,0,0,0,1,0,0,0
2046,2010,1,1,0,0,0,0,0,0,0,0
2070,2007,3,2,1,1,0,0,1,0,0,0
2070,2008,2,2,0,0,0,0,0,0,0,0
2070,2012,1,1,0,0,0,0,0,0,0,0
2089,2011,1,1,1,0,0,0,0,0,0,0
2144,2005,6,5,3,0,0,0,1,0,2,0
2147,2002,3,2,2,1,1,0,1,0,0,0
2147,2003,2,2,0,0,0,0,0,0,0,0
2147,2005,3,3,0,0,0,0,0,0,2,0
2147,2006,5,5,2,2,0,0,0,0,2,0
2161,2009,1,0,0,0,0,0,1,0,0,0
2161,2012,2,1,0,0,0,0,1,0,1,0
2175,2012,3,2,0,0,0,0,1,0,0,0
2185,2006,2,2,0,0,0,0,0,0,1,0
2185,2008,1,1,1,0,0,0,0,0,0,0
2185,2010,1,1,0,0,0,0,0,0,0,0
2185,2012,1,1,0,0,0,0,0,0,0,0
2192,2010,6,6,2,0,0,0,0,0,1,0
2205,2011,2,2,1,0,0,0,0,0,1,0
2215,2011,1,1,0,0,0,0,0,0,1,0
2215,2012,1,1,0,0,0,0,0,0,0,0
2228,2011,7,7,2,0,0,1,0,0,0,0
2232,2011,1,1,0,0,0,0,0,0,0,0
2237,2003,7,7,4,0,0,0,0,0,1,0
2237,2004,6,6,1,0,0,0,0,0,1,0
2237,2005,3,3,1,0,0,0,0,0,1,0
2237,2006,3,3,2,1,0,1,0,0,1,0
2240,2002,3,3,1,0,0,1,0,0,0,0
2240,2003,3,3,0,0,0,0,0,0,0,0
2240,2004,4,3,1,1,0,0,1,0,1,0
2240,2005,1,1,0,0,0,0,0,0,0,0
2240,2007,1,1,0,0,0,0,0,0,0,0
2242,2005,1,1,1,0,0,1,0,0,0,0
2248,2004,2,2,1,1,0,0,0,0,0,0
2259,2007,1,1,0,0,0,0,0,0,1,0
2259,2009,1,1,0,0,0,0,0,0,0,0
2282,2003,7,7,3,1,0,0,0,0,2,0
2282,2005,2,2,0,0,0,0,0,0,0,0
2282,2009,1,1,0,0,0,0,0,0,0,0
2291,2006,16,16,7,1,0,0,0,0,1,0
2291,2007,13,13,5,1,0,0,0,0,1,0
2291,2008,6,4,1,0,0,0,2,0,2,0
2291,2009,11,7,4,0,0,0,4,0,0,0
2291,2011,3,1,0,0,0,0,1,1,0,0
2298,2011,1,1,0,0,0,0,0,0,1,0
2326,2009,1,1,0,0,0,0,0,0,1,0
2330,2004,1,0,0,0,0,0,1,0,0,0
2330,2005,2,2,0,0,0,0,0,0,0,0
2330,2006,2,2,0,0,0,0,0,0,1,0
2330,2007,3,2,1,0,0,0,1,0,1,0
2333,2002,1,1,0,0,0,0,0,0,0,0
2333,2003,2,2,1,0,0,0,0,0,0,0
2333,2004,3,3,0,0,0,0,0,0,3,0
2333,2005,3,3,0,0,0,0,0,0,1,0
2333,2006,1,1,0,0,0,0,0,0,1,0
2333,2007,1,1,1,0,0,0,0,0,0,0
2333,2008,1,1,0,0,0,0,0,0,0,0
2333,2009,1,1,0,0,0,0,0,0,0,0
2333,2011,1,1,1,0,0,0,0,0,0,0
2333,2012,1,1,1,0,0,0,0,0,0,0
2339,2006,1,1,1,0,0,0,0,0,0,0
2339,2008,2,2,0,0,0,0,0,0,0,0
2343,2006,2,1,1,0,0,0,1,0,0,0
2343,2007,4,4,0,0,0,0,0,0,0,0
2344,2006,1,1,0,0,0,0,0,0,0,0
2344,2007,1,1,0,0,0,0,0,0,0,0
2350,2003,6,5,3,0,0,1,1,0,0,0
2355,2006,4,4,2,0,0,0,0,0,0,0
2355,2007,6,5,2,0,0,0,1,0,2,0
2355,2008,2,2,0,0,0,0,0,0,0,0
2355,2009,3,2,0,0,0,0,1,0,1,0
2358,2006,2,2,1,0,0,0,0,0,0,0
2358,2007,1,1,0,0,0,0,0,0,1,0
2358,2008,6,5,0,0,0,0,1,0,2,0
2358,2009,6,6,0,0,0,0,0,0,1,0
2358,2011,3,2,1,0,0,0,1,0,1,0
2365,2006,2,2,0,0,0,0,0,0,1,0
2384,2004,1,1,0,0,0,0,0,0,0,0
2384,2005,3,3,0,0,0,0,0,0,0,0
2395,2007,1,1,0,0,0,0,0,0,0,0
2421,2005,1,1,0,0,0,0,0,0,0,0
2421,2008,1,1,0,0,0,0,0,0,0,0
2492,2008,1,1,0,0,0,0,0,0,0,0
2505,2005,1,1,0,0,0,0,0,0,0,0
2525,2008,3,3,0,0,0,0,0,0,0,0
2562,2003,3,3,0,0,0,0,0,0,0,0
2574,2009,2,2,0,0,0,0,0,0,0,0
2581,2003,3,3,3,0,0,1,0,0,0,0
2590,2009,3,3,1,1,0,0,0,0,1,0
2590,2010,22,18,4,1,0,1,3,0,3,0
2595,2005,1,1,1,0,0,0,0,0,0,0
2640,2006,4,4,0,0,0,0,0,0,0,0
2640,2009,6,3,0,0,0,0,3,0,0,0
2654,2002,2,2,0,0,0,0,0,0,0,0
2654,2005,1,1,0,0,0,0,0,0,0,0
2654,2008,2,1,0,0,0,0,1,0,0,0
2661,2010,3,2,1,0,0,0,1,0,0,0
2690,2010,3,3,0,0,0,0,0,0,0,0
2690,2012,1,1,0,0,0,0,0,0,0,0
2700,2004,4,3,2,0,0,0,1,0,0,0
2700,2005,1,0,0,0,0,0,1,0,0,0
2742,2004,2,0,0,0,0,0,1,0,0,0
2754,2006,1,1,0,0,0,0,0,0,1,0
2754,2008,3,3,2,1,0,0,0,0,0,0
2754,2009,9,7,3,0,0,0,2,0,1,0
2762,2011,3,3,0,0,0,0,0,0,1,0
2804,2011,1,0,0,0,0,0,1,0,0,0
2810,2003,3,3,0,0,0,0,0,0,2,0
2810,2005,1,1,0,0,0,0,0,0,1,0
2810,2007,1,1,0,0,0,0,0,0,0,0
2810,2009,3,2,0,0,0,0,1,0,1,0
2810,2011,2,2,1,0,0,0,0,0,0,0
2841,2006,1,0,0,0,0,0,0,0,0,0
2841,2007,2,1,1,1,0,0,1,0,0,0
2841,2009,1,1,0,0,0,0,0,0,0,0
2841,2010,1,1,0,0,0,0,0,0,0,0
2847,2009,2,2,0,0,0,0,0,0,0,0
2847,2012,2,2,1,0,0,0,0,0,0,0
2857,2012,2,2,0,0,0,0,0,0,0,0
2863,2012,7,7,1,0,0,0,0,0,2,0
2911,2003,3,3,1,0,0,0,0,0,1,0
2911,2011,3,3,1,0,0,0,0,0,1,0
2929,2012,1,0,0,0,0,0,0,0,0,0
2935,2005,2,2,1,0,0,1,0,0,0,0
2968,2011,1,1,0,0,0,0,0,0,1,0
2981,2002,1,1,1,0,0,0,0,0,0,0
2981,2003,1,1,0,0,0,0,0,0,0,0
2981,2005,1,1,0,0,0,0,0,0,0,0
2981,2006,2,2,0,0,0,0,0,0,0,0
2981,2007,1,1,0,0,0,0,0,0,0,0
2981,2009,1,1,0,0,0,0,0,0,0,0
2996,2004,1,1,0,0,0,0,0,0,0,0
2996,2009,1,1,0,0,0,0,0,0,0,0
3002,2002,5,5,0,0,0,0,0,0,2,0
3002,2005,2,2,0,0,0,0,0,0,0,0
3016,2004,2,1,1,0,0,0,1,0,0,0
3016,2010,2,2,0,0,0,0,0,0,0,0
3016,2012,1,1,0,0,0,0,0,0,0,0
3023,2007,1,1,0,0,0,0,0,0,0,0
3041,2003,3,2,2,0,0,0,1,0,0,0
3041,2004,6,6,0,0,0,0,0,0,1,0
3041,2005,4,4,1,0,0,0,0,0,0,0
3052,2002,10,10,2,0,0,0,0,0,1,0
3052,2003,4,4,0,0,0,0,0,0,1,0
3062,2003,1,1,1,0,0,0,0,0,0,0
3062,2004,2,2,0,0,0,0,0,0,0,0
3062,2005,3,3,1,1,0,0,0,0,0,0
3066,2004,2,2,0,0,0,0,0,0,0,0
3066,2005,1,1,0,0,0,0,0,0,0,0
3066,2006,1,1,0,0,0,0,0,0,0,0
3066,2008,3,3,1,0,0,0,0,0,0,0
3070,2012,1,0,0,0,0,0,1,0,0,0
3086,2006,5,4,3,0,0,0,1,0,0,0
3086,2008,6,6,1,0,0,0,0,0,0,0
3086,2009,7,6,1,0,1,0,0,0,1,0
3086,2011,2,2,0,0,0,0,0,0,0,0
3089,2008,3,3,0,0,0,0,0,0,1,0
3131,2004,3,3,1,0,1,0,0,0,0,0
3131,2008,1,1,0,0,0,0,0,0,1,0
3131,2009,2,2,0,0,0,0,0,0,1,0
3131,2010,1,1,0,0,0,0,0,0,0,0
3166,2007,3,3,1,0,0,0,0,0,0,0
3166,2008,3,2,1,0,0,0,1,0,1,0
3174,2003,1,1,0,0,0,0,0,0,1,0
3189,2011,2,1,1,0,0,0,1,0,0,0
3219,2003,1,1,0,0,0,0,0,0,0,0
3223,2004,2,2,0,0,0,0,0,0,1,0
3224,2012,1,1,1,0,0,0,0,0,0,0
3229,2005,1,0,0,0,0,0,1,0,0,0
3248,2003,2,2,2,0,0,0,0,0,0,0
3259,2011,3,3,1,1,0,0,0,0,0,0
3262,2003,1,1,0,0,0,0,0,0,0,0
3262,2004,3,3,1,0,0,0,0,0,1,0
3262,2005,7,7,2,0,0,0,0,0,0,0
3262,2006,3,3,0,0,0,0,0,0,1,0
3262,2009,3,3,1,0,0,0,0,0,0,0
3296,2002,4,3,1,0,1,0,1,0,0,0
3302,2011,1,1,0,0,0,0,0,0,0,0
3313,2004,4,3,1,1,0,0,1,0,1,0
3313,2006,3,3,2,0,0,1,0,0,0,0
3322,2008,2,2,1,0,0,0,0,0,0,0
3339,2003,3,3,1,0,0,0,0,0,0,0
3347,2010,3,3,2,0,0,0,0,0,1,0
3347,2011,1,0,0,0,0,0,0,0,0,1
3366,2006,1,1,0,0,0,0,0,0,0,0
3366,2010,3,3,2,1,0,0,0,0,0,0
3374,2006,2,2,1,1,0,0,0,0,0,0
3374,2007,1,1,0,0,0,0,0,0,0,0
3374,2009,1,1,1,0,0,0,0,0,0,0
3409,2002,1,1,0,0,0,0,0,0,1,0
3410,2007,1,1,0,0,0,0,0,0,1,0
3410,2010,2,1,1,0,0,0,1,0,0,0
3420,2006,4,3,1,0,0,0,1,0,1,0
3434,2009,2,2,1,0,0,0,0,0,0,0
3440,2010,1,0,0,0,0,0,1,0,0,0
3442,2007,1,1,0,0,0,0,0,0,1,0
3442,2008,1,1,0,0,0,0,0,0,0,0
3442,2010,1,1,0,0,0,0,0,0,0,0
3460,2006,1,1,0,0,0,0,0,0,0,0
3494,2004,1,1,0,0,0,0,0,0,1,0
3494,2006,1,0,0,0,0,0,1,0,0,0
3497,2010,1,1,0,0,0,0,0,0,0,0
3498,2012,3,3,1,0,0,0,0,0,0,0
3509,2011,3,2,0,0,0,0,1,0,1,0
3526,2002,1,1,0,0,0,0,0,0,1,0
3546,2010,1,0,0,0,0,0,1,0,0,0
3588,2005,1,1,0,0,0,0,0,0,0,0
3588,2007,1,1,0,0,0,0,0,0,1,0
3596,2009,3,3,1,0,0,0,0,0,1,0
3596,2010,13,12,4,0,0,1,0,0,4,0
3600,2006,7,7,2,1,1,0,0,0,1,0
3600,2007,12,7,0,0,0,0,5,0,0,0
3600,2009,3,2,0,0,0,0,1,0,0,0
3639,2004,2,2,0,0,0,0,0,0,1,0
3644,2003,3,3,0,0,0,0,0,0,2,0
3644,2005,5,5,1,0,0,0,0,0,1,0
3644,2007,3,3,2,0,0,0,0,0,1,0
3659,2002,1,1,1,0,0,0,0,0,0,0
3659,2003,3,3,0,0,0,0,0,0,2,0
3659,2004,6,6,2,1,0,0,0,0,0,0
3659,2005,1,1,0,0,0,0,0,0,0,0
3659,2008,1,1,0,0,0,0,0,0,1,0
3665,2003,3,3,1,0,0,0,0,0,0,0
3680,2004,2,1,0,0,0,0,1,0,0,0
3680,2010,1,1,0,0,0,0,0,0,1,0
3681,2005,1,1,0,0,0,0,0,0,0,0
3683,2006,12,11,3,0,2,0,1,0,0,0
3683,2007,6,6,2,0,0,0,0,0,1,0
3683,2008,10,10,4,0,0,1,0,0,0,0
3683,2011,2,2,0,0,0,0,0,0,0,0
3694,2002,2,2,2,1,0,1,0,0,0,0
3694,2003,5,5,2,0,0,0,0,0,1,0
3694,2004,3,2,0,0,0,0,1,0,1,0
3694,2005,5,5,2,1,0,0,0,0,0,0
3694,2007,1,1,1,0,0,0,0,0,0,0
3694,2009,2,2,0,0,0,0,0,0,0,0
3699,2005,1,1,0,0,0,0,0,0,0,0
3703,2012,1,1,0,0,0,0,0,0,0,0
3740,2010,3,3,0,0,0,0,0,0,1,0
3747,2012,2,2,0,0,0,0,0,0,1,0
3765,2006,4,4,3,1,0,0,0,0,0,0
3765,2007,2,2,0,0,0,0,0,0,0,0
3765,2008,2,2,1,0,0,0,0,0,0,0
3765,2009,3,2,1,1,0,0,0,0,0,0
3776,2008,1,1,0,0,0,0,0,0,1,0
3776,2009,1,1,1,0,0,0,0,0,0,0
3776,2011,2,1,0,0,0,0,1,0,1,0
3786,2003,2,2,2,2,0,0,0,0,0,0
3786,2004,1,1,1,1,0,0,0,0,0,0
3818,2008,3,2,1,0,0,0,1,0,1,0
3818,2010,6,6,2,1,0,0,0,0,2,0
3834,2007,6,5,2,0,0,0,0,0,0,0
3834,2009,2,2,0,0,0,0,0,0,0,0
3834,2010,7,7,1,0,0,0,0,0,3,0
3834,2012,3,2,0,0,0,0,1,0,0,0
3870,2003,3,3,0,0,0,0,0,0,1,0
3870,2007,7,6,1,1,0,0,0,0,1,1
3870,2010,13,12,2,1,0,0,0,0,1,0
3876,2011,3,3,0,0,0,0,0,0,1,0
3876,2012,1,1,0,0,0,0,0,0,0,0
3878,2011,4,4,1,0,0,0,0,0,0,0
3915,2007,2,2,1,0,0,0,0,0,0,0
3925,2002,6,5,1,0,0,0,1,0,0,0
3925,2003,6,5,2,0,0,0,1,0,0,0
3925,2004,6,6,2,1,0,1,0,0,1,0
3925,2005,6,5,3,0,0,1,0,0,0,1
3925,2009,3,2,0,0,0,0,1,0,0,0
3925,2011,3,2,1,0,0,0,1,0,0,0
3951,2011,6,5,2,0,0,0,1,0,2,0
3951,2012,2,2,0,0,0,0,0,0,1,0
3966,2003,2,2,1,1,0,0,0,0,0,0
3966,2004,2,1,0,0,0,0,1,0,0,0
3966,2008,1,1,1,0,0,0,0,0,0,0
3966,2009,6,5,1,1,0,0,1,0,2,0
3966,2010,1,0,0,0,0,0,1,0,0,0
3966,2012,2,2,0,0,0,0,0,0,1,0
3971,2006,1,1,1,0,0,0,0,0,0,0
3971,2007,2,2,1,0,0,0,0,0,0,0
3971,2009,1,1,0,0,0,0,0,0,0,0
3975,2011,3,3,1,1,0,0,0,0,0,0
3976,2009,3,3,1,0,0,1,0,0,0,0
3989,2003,2,2,1,0,0,0,0,0,0,0
4000,2003,1,1,1,0,1,0,0,0,0,0
4000,2005,2,1,0,0,0,0,1,0,1,0
4003,2007,9,8,2,0,0,0,1,0,2,0
4003,2008,3,3,1,0,1,0,0,0,0,0
4003,2010,1,0,0,0,0,0,0,0,0,0
4057,2003,1,1,1,0,0,0,0,0,0,0
4095,2007,3,3,1,0,0,1,0,0,1,0
4095,2008,3,3,2,2,0,0,0,0,0,0
4102,2003,1,1,1,0,0,0,0,0,0,0
4102,2007,2,2,0,0,0,0,0,0,1,0
4105,2005,3,3,1,0,0,0,0,0,0,0
4106,2004,3,2,0,0,0,0,0,0,0,0
4137,2010,4,4,1,0,0,0,0,0,1,0
4137,2012,2,1,0,0,0,0,1,0,0,0
4164,2010,1,1,0,0,0,0,0,0,0,0
4170,2010,3,2,0,0,0,0,1,0,2,0
4170,2012,2,2,0,0,0,0,0,0,1,0
4173,2003,6,6,0,0,0,0,0,0,2,0
4173,2005,1,1,0,0,0,0,0,0,0,0
4173,2006,1,1,0,0,0,0,0,0,0,0
4180,2010,1,1,0,0,0,0,0,0,0,0
4219,2003,1,1,1,0,0,0,0,0,0,0
4219,2004,3,3,0,0,0,0,0,0,1,0
4219,2005,2,1,0,0,0,0,1,0,0,0
4219,2006,4,3,1,1,0,0,1,0,0,0
4231,2007,6,6,1,0,0,0,0,0,1,0
4231,2008,4,2,0,0,0,0,2,0,0,0
4231,2009,2,2,0,0,0,0,0,0,0,0
4231,2012,4,3,1,0,0,0,1,0,1,0
4249,2006,2,2,0,0,0,0,0,0,0,0
4249,2007,2,1,0,0,0,0,1,0,0,0
4249,2008,1,1,0,0,0,0,0,0,0,0
4249,2009,1,1,0,0,0,0,0,0,0,0
4249,2011,1,1,0,0,0,0,0,0,0,0
4288,2012,1,1,0,0,0,0,0,0,0,0
4326,2006,1,0,0,0,0,0,1,0,0,0
4326,2009,3,3,1,0,0,0,0,0,0,0
4336,2005,2,2,1,0,0,0,0,0,0,0
4336,2006,1,1,0,0,0,0,0,0,0,0
4336,2007,1,1,0,0,0,0,0,0,0,0
4337,2009,5,5,2,0,0,0,0,0,2,0
4344,2005,4,4,0,0,0,0,0,0,1,0
4344,2008,4,4,0,0,0,0,0,0,1,0
4344,2010,7,5,1,0,0,0,2,0,1,0
4344,2012,3,3,0,0,0,0,0,0,0,0
4361,2008,1,0,0,0,0,0,1,0,0,0
4361,2009,3,2,0,0,0,0,1,0,1,0
4361,2011,1,0,0,0,0,0,1,0,0,0
4364,2002,2,2,1,0,0,0,0,0,0,0
4364,2003,2,2,1,0,0,0,0,0,0,0
4364,2004,5,5,3,0,0,0,0,0,0,0
4364,2005,2,2,1,0,0,0,0,0,0,0
4365,2012,2,2,0,0,0,0,0,0,1,0
4372,2003,5,5,0,0,0,0,0,0,2,0
4372,2004,3,2,1,0,0,0,1,0,1,0
4399,2002,1,1,0,0,0,0,0,0,0,0
4399,2003,1,1,0,0,0,0,0,0,0,0
4399,2004,2,2,0,0,0,0,0,0,1,0
4399,2009,1,1,1,1,0,0,0,0,0,0
4408,2011,2,2,1,0,0,0,0,0,0,0
4408,2012,1,1,0,0,0,0,0,0,0,0
4412,2011,3,1,0,0,0,0,2,0,0,0
4412,2012,1,0,0,0,0,0,1,0,0,0
4449,2010,5,5,2,0,1,0,0,0,0,0
4449,2012,3,3,1,0,0,0,0,0,0,0
4450,2003,1,1,0,0,0,0,0,0,0,0
4454,2009,5,5,1,1,0,0,0,0,2,0
4459,2009,1,0,0,0,0,0,0,0,0,0
4486,2012,3,3,1,0,0,0,0,0,0,0
4510,2003,2,2,1,0,0,0,0,0,0,0
4510,2004,7,7,3,1,0,0,0,0,0,0
4510,2005,2,2,0,0,0,0,0,0,0,0
4530,2010,4,4,1,0,0,0,0,0,2,0
4530,2012,6,6,0,0,0,0,0,0,3,0
4536,2004,3,2,1,0,0,0,1,0,0,0
4536,2006,1,0,0,0,0,0,1,0,0,0
4543,2006,2,2,1,1,0,0,0,0,0,0
4543,2008,4,4,1,0,0,0,0,0,0,0
4543,2009,6,6,0,0,0,0,0,0,4,0
4543,2010,4,4,1,0,0,0,0,0,1,0
4543,2011,4,4,1,0,0,0,0,0,2,0
4543,2012,4,3,2,0,0,0,1,0,0,0
4552,2003,1,1,1,1,0,0,0,0,0,0
4559,2003,2,2,0,0,0,0,0,0,0,0
4559,2004,1,0,0,0,0,0,0,0,0,1
4559,2006,1,0,0,0,0,0,1,0,0,0
4561,2009,7,7,1,0,0,0,0,0,2,0
4561,2011,3,2,1,0,0,0,1,0,0,0
4569,2007,3,2,1,1,0,0,1,0,0,0
4569,2008,1,1,1,0,0,0,0,0,0,0
4570,2009,3,3,2,0,1,0,0,0,0,0
4572,2006,3,3,1,1,0,0,0,0,1,0
4575,2006,1,1,0,0,0,0,0,0,0,0
4598,2008,3,3,0,0,0,0,0,0,1,0
4598,2009,1,1,0,0,0,0,0,0,0,0
4598,2011,2,2,0,0,0,0,0,0,1,0
4601,2008,2,2,2,1,0,0,0,0,0,0
4608,2009,3,2,1,0,0,0,1,0,1,0
4608,2011,3,3,1,0,0,0,0,0,1,0
4610,2011,3,3,1,0,0,0,0,0,1,0
4611,2002,3,3,0,0,0,0,0,0,0,0
4611,2006,3,3,2,0,0,0,0,0,0,0
4611,2008,3,3,0,0,0,0,0,0,0,0
4611,2012,3,3,0,0,0,0,0,0,1,0
4619,2003,2,2,1,0,0,0,0,0,0,0
4619,2004,6,6,1,0,0,0,0,0,1,0
4619,2008,3,3,0,0,0,0,0,0,0,0
4619,2010,4,4,0,0,0,0,0,0,0,0
4620,2005,7,7,2,0,1,0,0,0,2,0
4620,2009,12,11,2,0,0,0,1,0,2,0
4620,2010,4,4,2,0,0,0,0,0,1,0
4637,2003,7,5,2,0,0,1,1,1,1,0
4637,2004,6,4,2,0,0,0,2,0,0,0
4637,2005,3,3,1,0,1,0,0,0,0,0
4665,2012,3,2,0,0,0,0,0,0,1,0
4666,2010,4,4,0,0,0,0,0,0,1,0
4693,2008,1,0,0,0,0,0,0,1,0,0
4701,2003,1,1,0,0,0,0,0,0,0,0
4708,2002,1,1,1,0,0,0,0,0,0,0
4708,2003,1,1,1,1,0,0,0,0,0,0
4708,2005,2,2,1,1,0,0,0,0,0,0
4715,2011,2,2,2,0,0,0,0,0,0,0
4730,2009,1,0,0,0,0,0,0,0,0,0
4730,2011,4,4,0,0,0,0,0,0,1,0
4731,2003,2,1,0,0,0,0,1,0,1,0
4731,2007,3,2,1,0,1,0,0,0,0,1
4731,2009,1,1,0,0,0,0,0,0,1,0
4744,2003,3,3,1,0,0,0,0,0,1,0
4785,2006,2,2,1,1,0,0,0,0,0,0
4785,2007,1,1,0,0,0,0,0,0,0,0
4785,2008,1,1,0,0,0,0,0,0,0,0
4785,2009,3,2,0,0,0,0,1,0,0,0
4803,2003,7,7,2,1,1,0,0,0,0,0
4803,2006,1,1,1,0,0,0,0,0,0,0
4825,2004,6,6,3,0,0,0,0,0,1,0
4825,2005,12,11,3,0,0,0,1,0,1,0
4825,2006,7,6,2,1,0,0,0,0,0,1
4825,2007,4,4,1,0,0,0,0,0,1,0
4825,2008,2,2,1,0,0,0,0,0,1,0
4834,2006,4,4,1,1,0,0,0,0,0,0
4834,2007,2,1,0,0,0,0,1,0,0,0
4834,2008,1,1,1,0,0,0,0,0,0,0
4853,2006,5,4,0,0,0,0,1,0,0,0
4853,2007,2,1,1,0,0,0,1,0,0,0
4853,2008,2,2,1,0,0,0,0,0,0,0
4853,2011,2,2,1,0,0,1,0,0,1,0
4857,2003,7,6,2,0,0,0,0,1,0,0
4862,2003,2,2,0,0,0,0,0,0,0,0
4862,2004,1,1,1,1,0,0,0,0,0,0
4869,2006,2,2,0,0,0,0,0,0,2,0
4869,2007,1,1,0,0,0,0,0,0,1,0
4869,2008,2,1,0,0,0,0,0,0,0,1
4869,2009,2,2,1,0,0,0,0,0,0,0
4871,2004,3,3,2,0,0,0,0,0,1,0
4886,2012,1,1,0,0,0,0,0,0,0,0
4896,2006,3,3,1,0,0,0,0,0,0,0
4896,2009,4,4,1,0,0,0,0,0,1,0
4896,2011,3,3,0,0,0,0,0,0,1,0
4896,2012,2,2,1,0,0,0,0,0,0,0
4910,2003,3,2,0,0,0,0,1,0,1,0
4910,2004,8,8,1,1,0,0,0,0,1,0
4910,2005,3,3,0,0,0,0,0,0,0,0
4910,2008,3,3,0,0,0,0,0,0,1,0
4910,2009,5,5,2,2,0,0,0,0,0,0
4916,2002,3,3,0,0,0,0,0,0,0,0
4916,2004,10,8,1,0,0,0,2,0,1,0
4916,2005,6,5,1,0,0,0,1,0,0,0
4916,2006,3,3,0,0,0,0,0,0,1,0
4920,2002,3,3,2,0,0,0,0,0,0,0
4920,2006,2,2,0,0,0,0,0,0,0,0
4922,2002,3,2,0,0,0,0,0,0,0,1
4922,2005,5,5,3,2,0,0,0,0,0,0
4935,2009,1,1,1,0,0,1,0,0,0,0
4939,2010,1,1,0,0,0,0,0,0,1,0
4954,2008,1,1,1,0,0,0,0,0,0,0
5016,2006,6,6,1,0,0,0,0,0,0,0
5016,2007,3,3,2,0,0,0,0,0,0,0
5019,2004,3,2,1,0,0,0,1,0,0,0
5019,2007,3,3,2,1,0,0,0,0,0,0
5019,2008,2,2,1,0,0,1,0,0,1,0
5019,2010,2,1,0,0,0,0,1,0,0,0
5028,2009,1,0,0,0,0,0,1,0,0,0
5042,2007,3,3,0,0,0,0,0,0,0,0
5045,2002,2,2,0,0,0,0,0,0,0,0
5045,2003,5,4,1,1,0,0,1,0,1,0
5053,2008,4,4,3,1,0,0,0,0,0,0
5053,2010,12,10,4,1,0,0,2,0,1,0
5079,2007,2,2,0,0,0,0,0,0,1,0
5079,2008,1,1,1,0,0,0,0,0,0,0
5079,2009,3,2,1,0,0,0,0,0,0,0
5093,2009,3,2,1,1,0,0,0,0,0,0
5093,2010,4,4,2,0,0,0,0,0,1,0
5094,2011,1,1,0,0,0,0,0,0,1,0
5094,2012,2,1,0,0,0,0,1,0,0,0
5144,2004,1,1,0,0,0,0,0,0,0,0
5164,2011,1,1,0,0,0,0,0,0,0,0
5203,2007,3,2,1,0,0,0,1,0,1,0
5209,2003,1,1,1,0,0,0,0,0,0,0
5209,2004,4,4,2,0,0,0,0,0,1,0
5209,2006,1,1,0,0,0,0,0,0,0,0
5209,2009,2,2,1,0,0,0,0,0,0,0
5234,2011,3,3,1,0,0,0,0,0,0,0
5243,2002,3,3,0,0,0,0,0,0,0,0
5243,2003,4,2,1,0,0,0,2,0,0,0
5243,2004,4,2,1,0,0,0,1,0,0,1
5243,2006,3,3,0,0,0,0,0,0,1,0
5243,2007,2,1,0,0,0,0,1,0,0,0
5243,2011,3,3,0,0,0,0,0,0,1,0
5246,2010,9,9,2,1,0,1,0,0,0,0
5246,2012,3,3,0,0,0,0,0,0,0,0
5252,2010,5,4,1,0,0,0,1,0,0,0
5270,2010,1,1,0,0,0,0,0,0,0,0
5326,2010,1,1,0,0,0,0,0,0,0,0
5361,2006,1,1,0,0,0,0,0,0,1,0
5361,2011,2,1,0,0,0,0,1,0,0,0
5364,2012,1,1,0,0,0,0,0,0,1,0
5384,2007,3,2,2,1,0,0,1,0,0,0
5384,2012,3,3,1,0,1,0,0,0,1,0
5400,2009,2,1,0,0,0,0,1,0,0,0
5424,2002,1,1,1,0,0,0,0,0,0,0
5438,2010,1,1,0,0,0,0,0,0,0,0
5440,2011,3,3,1,0,0,0,0,0,2,0
5440,2012,3,3,0,0,0,0,0,0,2,0
5471,2009,1,1,0,0,0,0,0,0,0,0
5471,2010,3,1,0,0,0,0,2,0,1,0
5480,2006,10,10,0,0,0,0,0,0,6,0
5480,2009,1,1,0,0,0,0,0,0,1,0
5487,2009,1,1,0,0,0,0,0,0,0,0
5487,2010,2,1,0,0,0,0,0,1,0,0
5506,2002,1,1,0,0,0,0,0,0,0,0
5515,2007,3,3,0,0,0,0,0,0,2,0
5515,2009,14,13,4,2,0,0,1,0,2,0
5515,2011,1,1,0,0,0,0,0,0,1,0
5515,2012,2,2,0,0,0,0,0,0,0,0
5516,2009,1,1,0,0,0,0,0,0,0,0
5560,2002,3,2,0,0,0,0,0,1,1,0
5560,2003,6,4,0,0,0,0,2,0,2,0
5560,2004,4,4,0,0,0,0,0,0,1,0
5560,2008,4,3,2,2,0,0,1,0,0,0
5562,2006,3,3,0,0,0,0,0,0,1,0
5562,2009,3,3,1,0,0,0,0,0,0,0
5562,2012,2,2,1,0,0,0,0,0,1,0
5588,2005,6,5,0,0,0,0,1,0,1,0
5588,2009,3,3,3,1,0,1,0,0,0,0
5614,2004,1,0,0,0,0,0,1,0,0,0
5665,2003,3,2,0,0,0,0,1,0,1,0
5701,2003,1,1,0,0,0,0,0,0,0,0
5701,2004,7,7,0,0,0,0,0,0,2,0
5701,2005,4,4,3,0,0,0,0,0,0,0
5701,2007,2,1,0,0,0,0,1,0,1,0
5712,2008,6,4,1,0,0,1,2,0,1,0
5712,2009,5,4,2,0,0,0,1,0,1,0
5712,2011,6,5,1,0,1,0,1,0,0,0
5743,2008,4,4,0,0,0,0,0,0,2,0
5743,2009,2,2,2,2,0,0,0,0,0,0
5743,2011,3,3,2,2,0,0,0,0,0,0
5744,2002,1,1,0,0,0,0,0,0,0,0
5744,2004,1,1,0,0,0,0,0,0,0,0
5752,2009,3,2,1,0,0,0,1,0,0,0
5757,2004,2,2,0,0,0,0,0,0,1,0
5757,2005,8,6,1,0,0,0,2,0,4,0
5797,2012,1,0,0,0,0,0,1,0,0,0
5815,2008,3,3,2,0,0,0,0,0,0,0
5815,2011,1,1,0,0,0,0,0,0,0,0
5819,2011,8,7,1,0,0,1,1,0,1,0
5819,2012,2,2,0,0,0,0,0,0,0,0
5820,2002,2,2,0,0,0,0,0,0,0,0
5820,2003,4,3,0,0,0,0,1,0,1,0
5826,2008,2,2,1,0,0,0,0,0,0,0
5826,2009,1,1,1,0,0,0,0,0,0,0
5828,2002,1,1,0,0,0,0,0,0,0,0
5845,2008,3,3,1,0,0,0,0,0,0,0
5845,2011,11,11,3,2,0,1,0,0,0,0
5845,2012,7,7,2,0,0,0,0,0,0,0
5856,2004,2,2,0,0,0,0,0,0,0,0
5877,2003,2,2,0,0,0,0,0,0,1,0
5877,2006,8,5,1,0,0,0,2,0,0,0
5877,2007,5,4,1,0,0,0,1,0,0,0
5882,2003,2,2,1,0,1,0,0,0,0,0
5882,2004,1,1,0,0,0,0,0,0,1,0
5882,2005,1,1,0,0,0,0,0,0,0,0
5882,2006,1,1,0,0,0,0,0,0,0,0
5902,2006,2,2,1,0,0,0,0,0,0,0
5907,2006,1,0,0,0,0,0,1,0,0,0
5924,2010,3,2,0,0,0,0,0,0,0,1
5948,2003,2,2,0,0,0,0,0,0,0,0
5948,2005,2,1,0,0,0,0,0,0,0,1
5948,2006,1,1,0,0,0,0,0,0,0,0
5974,2004,2,1,0,0,0,0,1,0,0,0
5985,2003,1,1,0,0,0,0,0,0,1,0
5985,2004,1,0,0,0,0,0,0,1,0,0
5999,2002,1,1,0,0,0,0,0,0,1,0
6023,2006,2,2,1,0,0,0,0,0,0,0
6023,2009,2,2,0,0,0,0,0,0,0,0
6098,2006,3,3,0,0,0,0,0,0,1,0
6098,2008,6,6,0,0,0,0,0,0,1,0
6098,2011,1,1,0,0,0,0,0,0,0,0
6099,2008,8,8,2,0,0,0,0,0,1,0
6099,2011,13,13,3,0,0,1,0,0,2,0
6118,2002,3,3,2,0,1,0,0,0,0,0
6118,2003,2,2,0,0,0,0,0,0,0,0
6118,2004,3,3,1,0,0,0,0,0,1,0
6118,2005,3,3,1,0,0,0,0,0,0,0
6118,2009,8,8,1,0,0,0,0,0,1,0
6118,2010,4,4,1,0,0,0,0,0,1,0
6118,2011,2,1,1,0,0,0,1,0,0,0
6127,2010,6,5,1,0,0,0,1,0,0,0
6190,2007,3,3,0,0,0,0,0,0,0,0
6190,2008,2,2,1,0,0,0,0,0,0,0
6229,2009,2,1,0,0,0,0,1,0,0,0
6248,2004,3,3,2,0,0,1,0,0,0,0
6271,2011,1,1,0,0,0,0,0,0,1,0
6271,2012,2,2,0,0,0,0,0,0,1,0
6282,2011,5,4,0,0,0,0,1,0,1,0
6285,2003,2,2,0,0,0,0,0,0,0,0
6285,2007,1,1,0,0,0,0,0,0,0,0
6285,2008,3,3,1,0,0,0,0,0,0,0
6292,2003,1,0,0,0,0,0,1,0,0,0
6292,2004,5,5,2,0,1,1,0,0,1,0
6292,2010,3,3,1,0,0,0,0,0,1,0
6292,2011,2,2,1,0,0,0,0,0,0,0
6297,2003,1,1,0,0,0,0,0,0,0,0
6326,2004,1,1,0,0,0,0,0,0,0,0
6332,2005,5,4,2,0,0,0,1,0,1,0
6376,2004,1,1,0,0,0,0,0,0,1,0
6378,2010,7,7,1,0,0,0,0,0,2,0
6380,2002,1,1,0,0,0,0,0,0,0,0
6380,2003,4,4,0,0,0,0,0,0,0,0
6380,2004,2,2,2,0,0,0,0,0,0,0
6386,2003,4,4,2,1,0,0,0,0,0,0
6386,2010,9,9,5,2,0,0,0,0,2,0
6391,2010,2,1,1,1,0,0,1,0,0,0
6396,2010,1,1,0,0,0,0,0,0,0,0
6412,2005,1,1,0,0,0,0,0,0,0,0
6412,2006,1,0,0,0,0,0,1,0,0,0
6412,2008,2,2,1,0,0,0,0,0,1,0
6412,2009,1,1,0,0,0,0,0,0,0,0
6412,2010,1,1,0,0,0,0,0,0,1,0
6413,2006,6,6,1,0,0,0,0,0,1,0
6414,2004,7,7,2,0,0,1,0,0,0,0
6414,2006,3,3,0,0,0,0,0,0,2,0
6414,2007,4,4,3,0,0,0,0,0,0,0
6418,2003,1,1,1,0,0,0,0,0,0,0
6423,2007,3,3,0,0,0,0,0,0,0,0
6423,2009,5,5,1,0,0,0,0,0,1,0
6423,2011,16,15,3,0,0,0,1,0,3,0
6423,2012,2,2,0,0,0,0,0,0,0,0
6429,2011,1,1,0,0,0,0,0,0,1,0
6431,2007,3,3,1,0,0,0,0,0,1,0
6431,2008,7,6,3,0,0,0,1,0,1,0
6431,2009,8,7,3,2,0,0,0,0,3,1
6431,2011,12,11,3,1,1,0,1,0,3,0
6431,2012,3,3,0,0,0,0,0,0,0,0
6440,2012,2,2,0,0,0,0,0,0,0,0
6444,2007,2,2,1,0,0,0,0,0,0,0
6444,2008,2,2,1,1,0,0,0,0,1,0
6444,2009,1,1,1,0,0,0,0,0,0,0
6444,2011,2,2,1,0,0,0,0,0,1,0
6450,2004,1,1,0,0,0,0,0,0,1,0
6450,2006,6,6,0,0,0,0,0,0,0,0
6450,2007,3,2,1,1,0,0,1,0,0,0
6450,2010,4,4,1,0,0,0,0,0,3,0
6461,2011,3,3,2,0,0,0,0,0,0,0
6461,2012,1,1,0,0,0,0,0,0,1,0
6468,2010,3,2,0,0,0,0,1,0,0,0
6492,2003,3,3,1,0,0,0,0,0,1,0
6492,2004,17,17,9,2,1,0,0,0,1,0
6492,2005,2,2,0,0,0,0,0,0,0,0
6492,2006,3,3,0,0,0,0,0,0,0,0
6492,2008,2,2,1,0,0,0,0,0,0,0
6511,2006,1,1,1,0,0,1,0,0,0,0
6511,2010,1,0,0,0,0,0,1,0,0,0
6511,2012,1,1,1,1,0,0,0,0,0,0
6518,2010,1,1,0,0,0,0,0,0,0,0
6522,2004,6,6,1,0,0,0,0,0,2,0
6522,2005,6,6,2,1,0,0,0,0,0,0
6522,2007,6,5,3,2,0,0,1,0,0,0
6522,2009,3,3,0,0,0,0,0,0,1,0
6522,2011,3,3,0,0,0,0,0,0,0,0
6554,2006,1,1,0,0,0,0,0,0,1,0
6554,2007,3,2,0,0,0,0,1,0,0,0
6554,2009,6,5,1,0,0,0,1,0,2,0
6557,2003,1,1,0,0,0,0,0,0,0,0
6559,2009,1,1,1,1,0,0,0,0,0,0
6569,2011,3,2,1,0,0,0,1,0,0,0
6586,2002,7,6,1,0,0,1,1,0,1,0
6586,2003,7,5,3,0,0,0,1,1,1,0
6586,2004,4,4,1,1,0,0,0,0,1,0
6586,2005,4,4,2,1,0,0,0,0,1,0
6586,2007,3,3,1,0,0,0,0,0,0,0
6591,2012,1,1,0,0,0,0,0,0,0,0
6603,2003,2,2,0,0,0,0,0,0,0,0
6612,2003,10,8,1,1,0,0,2,0,3,0
6612,2004,6,6,3,0,0,0,0,0,0,0
6612,2006,9,9,5,1,0,0,0,0,0,0
6612,2007,6,4,1,0,0,0,2,0,1,0
6612,2008,8,7,1,1,0,0,1,0,1,0
6612,2009,5,4,1,0,0,0,1,0,0,0
6612,2011,6,4,1,0,0,0,2,0,0,0
6612,2012,2,2,0,0,0,0,0,0,0,0
6617,2009,1,1,0,0,0,0,0,0,0,0
6619,2003,1,1,0,0,0,0,0,0,0,0
6624,2006,4,4,2,0,0,0,0,0,0,0
6624,2007,6,4,2,0,0,0,2,0,0,0
6646,2012,1,1,0,0,0,0,0,0,0,0
6651,2006,1,1,0,0,0,0,0,0,1,0
6682,2012,3,2,1,0,0,0,1,0,1,0
6685,2003,6,6,0,0,0,0,0,0,2,0
6697,2003,3,2,1,1,0,0,0,1,0,0
6697,2004,2,1,0,0,0,0,1,0,1,0
6697,2005,1,0,0,0,0,0,1,0,0,0
6697,2009,1,1,0,0,0,0,0,0,0,0
6697,2011,2,2,0,0,0,0,0,0,0,0
6697,2012,1,1,0,0,0,0,0,0,1,0
6735,2006,5,4,2,2,0,0,1,0,1,0
6735,2007,9,9,2,1,0,0,0,0,1,0
6735,2008,7,7,2,0,0,0,0,0,1,0
6749,2006,6,5,2,1,0,0,1,0,2,0
6749,2007,1,1,0,0,0,0,0,0,0,0
6749,2009,2,2,2,0,0,0,0,0,0,0
6768,2003,1,1,0,0,0,0,0,0,0,0
6768,2005,2,2,1,0,0,0,0,0,0,0
6768,2008,1,1,0,0,0,0,0,0,0,0
6778,2006,3,2,0,0,0,0,1,0,0,0
6778,2007,6,5,2,0,0,0,0,0,0,0
6778,2009,3,2,0,0,0,0,1,0,0,0
6778,2011,3,3,2,0,0,0,0,0,0,0
6782,2005,4,4,1,0,0,0,0,0,1,0
6782,2007,6,6,1,0,0,0,0,0,2,0
6782,2008,6,5,3,1,0,1,1,0,0,0
6782,2009,3,3,1,0,0,0,0,0,0,0
6785,2005,1,0,0,0,0,0,1,0,0,0
6791,2003,1,1,0,0,0,0,0,0,0,0
6807,2009,3,2,1,0,0,0,1,0,1,0
6819,2008,2,2,0,0,0,0,0,0,0,0
6827,2003,1,1,1,0,1,0,0,0,0,0
6830,2012,1,1,1,0,0,0,0,0,0,0
6834,2005,3,3,0,0,0,0,0,0,1,0
6849,2010,6,6,2,0,1,0,0,0,1,0
6849,2012,3,2,1,0,0,0,1,0,0,0
6867,2006,3,2,0,0,0,0,0,1,0,0
6867,2007,3,2,0,0,0,0,1,0,1,0
6867,2009,2,2,0,0,0,0,0,0,1,0
6867,2011,1,1,0,0,0,0,0,0,1,0
6867,2012,1,1,0,0,0,0,0,0,0,0
6870,2002,3,3,0,0,0,0,0,0,1,0
6870,2004,2,2,0,0,0,0,0,0,0,0
6870,2005,6,6,2,0,0,0,0,0,0,0
6876,2005,2,1,1,0,0,1,1,0,0,0
6876,2006,5,4,0,0,0,0,1,0,0,0
6876,2007,6,5,0,0,0,0,1,0,2,0
6876,2008,3,2,0,0,0,0,1,0,1,0
6876,2009,7,5,1,1,0,0,2,0,2,0
6895,2007,6,5,0,0,0,0,1,0,1,0
6895,2008,1,1,1,0,0,1,0,0,0,0
6895,2009,3,3,1,0,0,0,0,0,0,0
6895,2011,3,2,0,0,0,0,1,0,2,0
6899,2004,1,1,0,0,0,0,0,0,0,0
6913,2011,2,2,0,0,0,0,0,0,0,0
6921,2002,1,1,1,0,0,0,0,0,0,0
6921,2003,1,0,0,0,0,0,1,0,0,0
6921,2004,2,1,0,0,0,0,0,0,0,1
6921,2005,2,2,2,1,0,0,0,0,0,0
6921,2006,2,1,0,0,0,0,0,0,1,1
6921,2008,2,2,0,0,0,0,0,0,0,0
6966,2003,2,2,0,0,0,0,0,0,0,0
6966,2004,19,18,6,1,1,1,1,0,4,0
6966,2006,5,5,1,0,0,0,0,0,1,0
6982,2006,5,5,1,1,0,0,0,0,0,0
7000,2009,2,2,0,0,0,0,0,0,0,0
7000,2011,1,1,1,0,0,0,0,0,0,0
7003,2008,3,3,2,0,0,0,0,0,1,0
7003,2010,13,11,3,0,0,0,1,1,3,0
7003,2012,3,3,2,0,0,0,0,0,0,0
7010,2003,2,2,0,0,0,0,0,0,2,0
7010,2004,1,1,0,0,0,0,0,0,1,0
7010,2005,3,3,1,0,0,1,0,0,0,0
7011,2006,3,3,1,1,0,0,0,0,0,0
7016,2009,1,1,0,0,0,0,0,0,1,0
7025,2010,1,1,0,0,0,0,0,0,0,0
7037,2008,2,1,0,0,0,0,1,0,0,0
7037,2009,2,2,0,0,0,0,0,0,0,0
7041,2007,3,1,0,0,0,0,2,0,1,0
7076,2002,1,1,0,0,0,0,0,0,0,0
7076,2004,3,2,0,0,0,0,1,0,1,0
7098,2002,2,2,1,0,0,0,0,0,0,0
7098,2003,2,2,1,0,0,0,0,0,0,0
7098,2005,7,7,1,0,0,0,0,0,0,0
7110,2009,3,3,1,0,0,1,0,0,1,0
7110,2010,4,3,1,0,0,0,1,0,1,0
7123,2006,1,1,0,0,0,0,0,0,0,0
7129,2004,1,1,0,0,0,0,0,0,0,0
7147,2009,3,1,0,0,0,0,2,0,0,0
7147,2011,2,2,0,0,0,0,0,0,1,0
7153,2005,8,7,2,0,1,0,0,0,1,1
7153,2007,1,1,1,0,1,0,0,0,0,0
7153,2008,6,6,3,1,0,0,0,0,1,0
7153,2009,1,1,0,0,0,0,0,0,0,0
7173,2009,4,3,2,1,0,0,1,0,0,0
7173,2011,1,1,0,0,0,0,0,0,0,0
7194,2011,2,2,1,0,0,0,0,0,0,0
7301,2003,2,2,0,0,0,0,0,0,0,0
7301,2006,1,1,0,0,0,0,0,0,0,0
7307,2003,2,2,1,0,0,0,0,0,0,0
7310,2003,5,5,3,0,0,1,0,0,0,0
7310,2004,3,2,0,0,0,0,1,0,0,0
7310,2005,3,3,1,0,0,0,0,0,0,0
7310,2006,3,3,0,0,0,0,0,0,0,0
7310,2008,3,3,0,0,0,0,0,0,3,0
7310,2010,7,5,2,0,0,0,2,0,1,0
7311,2003,1,1,1,1,0,0,0,0,0,0
7313,2009,5,4,1,0,1,0,1,0,0,0
7322,2009,4,4,1,0,0,0,0,0,0,0
7345,2011,2,2,0,0,0,0,0,0,0,0
7372,2002,1,1,0,0,0,0,0,0,0,0
7372,2003,6,5,2,0,1,0,0,0,2,1
7372,2004,1,1,0,0,0,0,0,0,0,0
7388,2003,1,1,0,0,0,0,0,0,0,0
7388,2006,2,2,1,0,0,1,0,0,1,0
7397,2006,1,1,0,0,0,0,0,0,0,0
7397,2007,2,2,1,0,0,0,0,0,0,0
7397,2008,2,1,1,0,0,0,0,0,0,0
7408,2006,4,4,1,0,0,1,0,0,0,0
7428,2009,2,1,1,0,0,0,0,0,0,1
7456,2011,3,1,0,0,0,0,2,0,0,0
7459,2008,6,5,1,0,0,0,1,0,2,0
7459,2009,3,2,1,0,0,0,0,0,1,1
7459,2011,3,3,2,0,0,1,0,0,0,0
7459,2012,1,1,0,0,0,0,0,0,1,0
7481,2007,3,3,1,0,0,0,0,0,0,0
7481,2009,4,3,1,1,0,0,1,0,1,0
7484,2011,1,1,0,0,0,0,0,0,0,0
7491,2005,5,5,4,1,0,0,0,0,0,0
7491,2006,3,3,2,1,0,0,0,0,0,0
7491,2010,7,6,1,0,0,0,1,0,2,0
7491,2011,5,5,1,0,0,0,0,0,1,0
7491,2012,2,2,0,0,0,0,0,0,1,0
7497,2004,1,1,0,0,0,0,0,0,0,0
7513,2004,1,1,1,0,1,0,0,0,0,0
7513,2005,3,1,1,0,0,0,2,0,0,0
7513,2006,2,2,0,0,0,0,0,0,0,0
7513,2007,1,1,0,0,0,0,0,0,0,0
7515,2005,2,1,1,0,0,0,0,0,0,1
7522,2006,3,3,0,0,0,0,0,0,0,0
7546,2009,1,1,0,0,0,0,0,0,0,0
7565,2005,3,3,0,0,0,0,0,0,1,0
7565,2007,6,6,3,0,0,1,0,0,0,0
7565,2010,3,3,1,0,0,0,0,0,1,0
7829,2006,3,3,2,0,0,0,0,0,0,0
7829,2007,1,1,0,0,0,0,0,0,0,0
7926,2012,2,2,0,0,0,0,0,0,0,0
7941,2008,6,5,1,0,0,0,0,1,0,0
7941,2009,2,2,0,0,0,0,0,0,1,0
7963,2009,3,3,1,0,0,0,0,0,2,0
7999,2012,3,3,0,0,0,0,0,0,0,0
8010,2003,3,3,1,0,0,0,0,0,1,0
8010,2006,6,6,1,0,0,0,0,0,1,0
8010,2007,12,11,5,2,0,0,1,0,2,0
8015,2008,3,3,2,0,0,0,0,0,0,0
8036,2007,1,1,1,0,0,0,0,0,0,0
8036,2008,1,1,0,0,0,0,0,0,0,0
8036,2011,4,4,0,0,0,0,0,0,3,0
8042,2009,2,2,1,0,0,0,0,0,1,0
8042,2011,2,1,0,0,0,0,1,0,0,0
8051,2002,3,3,0,0,0,0,0,0,1,0
8051,2004,7,6,1,1,0,0,0,0,0,0
8051,2007,7,7,2,0,0,1,0,0,2,0
8051,2008,3,3,1,0,0,0,0,0,0,0
8051,2009,6,6,2,2,0,0,0,0,0,0
8052,2007,2,2,0,0,0,0,0,0,1,0
8052,2009,3,2,1,1,0,0,0,0,0,0
8058,2009,3,3,1,0,0,0,0,0,0,0
8058,2011,3,3,1,0,0,0,0,0,0,0
8060,2004,3,3,1,1,0,0,0,0,1,0
8060,2006,2,2,1,1,0,0,0,0,0,0
8061,2003,4,4,1,0,0,0,0,0,0,0
8061,2005,1,1,0,0,0,0,0,0,0,0
8092,2006,1,1,0,0,0,0,0,0,1,0
8137,2003,14,13,5,2,0,0,1,0,7,0
8137,2004,3,3,0,0,0,0,0,0,2,0
8137,2005,5,3,1,0,0,0,2,0,1,0
8137,2007,3,3,2,1,0,0,0,0,0,0
8142,2007,1,1,0,0,0,0,0,0,0,0
8152,2002,3,1,1,0,0,0,2,0,0,0
8176,2010,3,2,1,0,0,0,1,0,0,0
8176,2011,3,3,0,0,0,0,0,0,0,0
8184,2005,1,1,0,0,0,0,0,0,0,0
8202,2005,2,2,1,0,0,0,0,0,0,0
8220,2002,1,1,0,0,0,0,0,0,1,0
8220,2004,1,1,0,0,0,0,0,0,0,0
8243,2003,2,2,0,0,0,0,0,0,0,0
8261,2008,1,0,0,0,0,0,1,0,0,0
8267,2010,4,3,0,0,0,0,1,0,0,0
8268,2011,1,1,0,0,0,0,0,0,1,0
8268,2012,2,2,0,0,0,0,0,0,1,0
8291,2010,3,2,0,0,0,0,1,0,1,0
8294,2010,3,3,2,0,0,0,0,0,0,0
8294,2011,3,3,1,0,0,0,0,0,0,0
8298,2006,2,1,0,0,0,0,1,0,1,0
8326,2012,2,2,1,1,0,0,0,0,0,0
8334,2006,4,3,1,0,0,0,1,0,0,0
8334,2008,7,5,1,0,0,0,1,0,0,1
8334,2011,2,1,0,0,0,0,1,0,0,0
8334,2012,3,3,0,0,0,0,0,0,0,0
8340,2005,5,5,2,0,0,0,0,0,0,0
8354,2011,3,1,1,0,0,0,2,0,0,0
8372,2010,1,1,1,0,0,0,0,0,0,0
8374,2006,1,1,0,0,0,0,0,0,0,0
8387,2005,1,1,0,0,0,0,0,0,1,0
8387,2009,1,1,0,0,0,0,0,0,1,0
8423,2006,1,1,1,0,0,1,0,0,0,0
8424,2009,2,2,0,0,0,0,0,0,1,0
8437,2011,1,1,0,0,0,0,0,0,1,0
8438,2010,1,1,0,0,0,0,0,0,0,0
8449,2003,3,3,0,0,0,0,0,0,1,0
8449,2005,3,3,0,0,0,0,0,0,0,0
8453,2006,2,1,1,0,1,0,1,0,0,0
8453,2008,1,1,1,1,0,0,0,0,0,0
8453,2010,1,1,1,0,0,0,0,0,0,0
8461,2007,1,0,0,0,0,0,0,0,0,0
8471,2010,6,4,2,0,0,0,1,0,0,1
8474,2006,2,1,1,0,0,0,1,0,0,0
8474,2009,2,1,1,0,0,0,0,0,0,0
8474,2010,3,3,1,0,0,0,0,0,0,0
8497,2006,3,3,1,0,0,0,0,0,0,0
8497,2007,3,3,0,0,0,0,0,0,1,0
8497,2008,3,3,0,0,0,0,0,0,1,0
8500,2009,3,3,0,0,0,0,0,0,0,0
8500,2010,1,1,1,1,0,0,0,0,0,0
8512,2011,1,1,1,0,0,0,0,0,0,0
8556,2007,4,4,3,2,0,0,0,0,0,0
8556,2009,6,5,0,0,0,0,1,0,0,0
8557,2002,3,3,2,0,1,0,0,0,0,0
8557,2003,6,6,2,0,0,0,0,0,1,0
8557,2007,1,0,0,0,0,0,1,0,0,0
8560,2005,1,1,0,0,0,0,0,0,0,0
8569,2007,1,1,1,0,0,0,0,0,0,0
8569,2008,1,0,0,0,0,0,1,0,0,0
8574,2010,7,5,1,0,0,0,2,0,2,0
8576,2003,2,2,0,0,0,0,0,0,2,0
8581,2005,3,3,0,0,0,0,0,0,0,0
8581,2006,7,7,2,0,0,0,0,0,2,0
8581,2007,3,3,0,0,0,0,0,0,1,0
8581,2009,5,5,2,0,1,0,0,0,0,0
8581,2011,3,3,0,0,0,0,0,0,1,0
8589,2006,1,1,0,0,0,0,0,0,1,0
8635,2004,2,2,0,0,0,0,0,0,1,0
8638,2009,3,2,1,0,0,0,1,0,1,0
8672,2009,3,2,0,0,0,0,1,0,1,0
8672,2010,1,1,0,0,0,0,0,0,0,0
8682,2007,1,1,0,0,0,0,0,0,1,0
8682,2008,1,1,0,0,0,0,0,0,0,0
8682,2010,1,1,0,0,0,0,0,0,0,0
8682,2011,1,1,0,0,0,0,0,0,0,0
8682,2012,1,1,0,0,0,0,0,0,1,0
8704,2004,3,3,1,1,0,0,0,0,0,0
8704,2006,7,6,1,1,0,0,1,0,1,0
8704,2008,3,2,1,0,0,0,1,0,0,0
8704,2009,4,3,2,0,0,0,0,1,1,0
8704,2010,1,1,0,0,0,0,0,0,0,0
8718,2009,2,2,0,0,0,0,0,0,2,0
8718,2011,2,1,0,0,0,0,1,0,0,0
8719,2006,2,2,0,0,0,0,0,0,0,0
8720,2003,2,1,1,0,0,0,1,0,0,0
8725,2003,1,1,0,0,0,0,0,0,1,0
8725,2004,4,4,1,1,0,0,0,0,1,0
8725,2007,1,1,0,0,0,0,0,0,0,0
8725,2010,1,1,1,0,0,1,0,0,0,0
8729,2008,6,4,2,0,0,0,2,0,1,0
8729,2009,3,3,0,0,0,0,0,0,0,0
8729,2010,4,4,0,0,0,0,0,0,1,0
8765,2007,3,2,1,0,0,0,1,0,0,0
8778,2011,3,3,1,0,0,0,0,0,0,0
8784,2005,4,3,1,1,0,0,0,0,0,1
8807,2006,9,7,2,0,0,0,1,0,1,0
8807,2007,12,11,3,0,1,0,1,0,5,0
8807,2008,6,6,2,1,0,0,0,0,1,0
8807,2009,7,7,2,0,0,0,0,0,1,0
8823,2007,3,2,0,0,0,0,1,0,1,0
8823,2008,3,3,2,1,0,0,0,0,0,0
8823,2009,3,2,2,1,0,0,1,0,0,0
8823,2010,3,3,1,0,0,0,0,0,0,0
8823,2011,3,2,0,0,0,0,0,0,1,1
8852,2009,3,2,0,0,0,0,1,0,0,0
8852,2010,4,3,0,0,0,0,1,0,1,0
8859,2006,9,7,3,1,0,1,2,0,2,0
8859,2007,12,10,1,0,0,0,2,0,3,0
8861,2005,2,2,1,1,0,0,0,0,0,0
8861,2009,1,1,0,0,0,0,0,0,1,0
8873,2005,3,3,0,0,0,0,0,0,0,0
8873,2009,2,2,0,0,0,0,0,0,1,0
8883,2007,1,1,0,0,0,0,0,0,0,0
8886,2009,3,3,1,0,0,0,0,0,2,0
8886,2012,1,1,0,0,0,0,0,0,0,0
8890,2006,2,2,0,0,0,0,0,0,0,0
8910,2012,1,1,0,0,0,0,0,0,0,0
8918,2006,2,2,0,0,0,0,0,0,0,0
8918,2008,1,1,0,0,0,0,0,0,0,0
8919,2006,3,2,1,0,0,0,1,0,1,0
8919,2007,3,2,0,0,0,0,0,0,1,1
8919,2009,3,3,0,0,0,0,0,0,1,0
8922,2010,5,4,3,0,0,0,1,0,0,0
8932,2002,1,1,0,0,0,0,0,0,0,0
8940,2011,1,0,0,0,0,0,1,0,0,0
8952,2012,1,1,0,0,0,0,0,0,1,0
8954,2003,2,1,0,0,0,0,0,1,0,0
8956,2012,1,1,1,0,0,0,0,0,0,0
8982,2006,1,1,1,0,0,0,0,0,0,0
8982,2009,8,8,4,1,0,2,0,0,1,0
8990,2003,8,8,1,0,0,0,0,0,2,0
8990,2006,3,3,2,1,0,0,0,0,0,0
8990,2007,3,2,1,0,0,0,1,0,0,0
8990,2010,7,6,1,0,0,0,1,0,1,0
9009,2005,1,1,0,0,0,0,0,0,0,0
9069,2002,3,3,1,1,0,0,0,0,1,0
9069,2003,3,3,1,0,0,0,0,0,0,0
9069,2009,4,4,1,0,0,0,0,0,1,0
9069,2010,3,3,1,0,0,0,0,0,0,0
9071,2011,3,3,1,1,0,0,0,0,1,0
9077,2006,1,0,0,0,0,0,1,0,0,0
9077,2008,2,1,0,0,0,0,1,0,0,0
9077,2009,1,1,0,0,0,0,0,0,0,0
9123,2004,1,0,0,0,0,0,1,0,0,0
9129,2012,2,2,1,0,0,0,0,0,0,0
9136,2002,3,2,0,0,0,0,1,0,0,0
9136,2003,4,4,3,1,0,0,0,0,1,0
9136,2004,9,8,3,0,0,0,0,1,2,0
9136,2005,7,7,3,1,0,0,0,0,1,0
9143,2010,7,5,1,0,0,0,1,1,0,0
9144,2009,1,1,0,0,0,0,0,0,1,0
9176,2002,2,2,1,0,0,0,0,0,0,0
9176,2003,2,2,0,0,0,0,0,0,1,0
9198,2010,4,3,0,0,0,0,1,0,0,0
9210,2004,1,1,0,0,0,0,0,0,1,0
9214,2003,3,3,2,0,0,0,0,0,0,0
9214,2006,3,2,1,0,0,1,1,0,1,0
9217,2004,5,4,2,0,0,0,1,0,1,0
9217,2005,2,2,0,0,0,0,0,0,1,0
9217,2007,1,1,0,0,0,0,0,0,0,0
9217,2008,2,2,1,0,0,1,0,0,0,0
9242,2010,1,1,0,0,0,0,0,0,0,0
9251,2003,1,0,0,0,0,0,1,0,0,0
9251,2004,1,1,0,0,0,0,0,0,1,0
9251,2005,1,1,0,0,0,0,0,0,0,0
9251,2006,1,1,0,0,0,0,0,0,1,0
9251,2009,1,1,1,0,0,0,0,0,0,0
9251,2010,4,3,2,1,0,0,0,1,1,0
9251,2011,3,3,1,0,0,0,0,0,0,0
9251,2012,2,2,0,0,0,0,0,0,2,0
9255,2006,5,5,2,0,0,0,0,0,0,0
9255,2007,1,0,0,0,0,0,1,0,0,0
9255,2009,1,1,0,0,0,0,0,0,1,0
9255,2012,2,2,0,0,0,0,0,0,1,0
9258,2004,4,4,2,1,0,0,0,0,0,0
9294,2003,5,5,1,1,0,0,0,0,1,0
9294,2004,6,6,3,1,0,0,0,0,1,0
9311,2005,1,1,1,0,0,0,0,0,0,0
9311,2007,1,1,0,0,0,0,0,0,0,0
9323,2003,2,2,1,0,0,0,0,0,0,0
9324,2006,2,2,0,0,0,0,0,0,0,0
9330,2006,3,2,0,0,0,0,1,0,0,0
9347,2006,4,3,0,0,0,0,0,0,0,0
9347,2007,2,1,0,0,0,0,0,0,1,1
9347,2011,2,1,0,0,0,0,1,0,0,0
9356,2009,3,1,1,0,1,0,2,0,0,0
9356,2012,1,1,0,0,0,0,0,0,0,0
9406,2002,1,1,0,0,0,0,0,0,0,0
9406,2005,1,1,0,0,0,0,0,0,0,0
9406,2006,1,1,1,0,0,0,0,0,0,0
9406,2007,2,2,0,0,0,0,0,0,0,0
9406,2008,1,1,0,0,0,0,0,0,0,0
9406,2009,1,0,0,0,0,0,1,0,0,0
9413,2005,2,2,0,0,0,0,0,0,1,0
9413,2007,1,1,0,0,0,0,0,0,0,0
9413,2010,1,1,1,1,0,0,0,0,0,0
9437,2008,3,2,1,0,0,1,1,0,0,0
9437,2009,3,2,1,0,0,0,1,0,0,0
9442,2008,4,4,1,0,0,0,0,0,0,0
9490,2003,2,2,0,0,0,0,0,0,1,0
9490,2006,2,2,0,0,0,0,0,0,0,0
9496,2003,2,2,0,0,0,0,0,0,1,0
9496,2005,1,1,0,0,0,0,0,0,0,0
9496,2006,1,1,0,0,0,0,0,0,1,0
9513,2008,1,1,0,0,0,0,0,0,0,0
9513,2011,1,1,1,0,0,0,0,0,0,0
9523,2007,1,1,0,0,0,0,0,0,1,0
9524,2006,2,1,1,1,0,0,1,0,0,0
9528,2002,1,1,0,0,0,0,0,0,0,0
9528,2004,5,4,1,0,0,0,0,0,2,1
9528,2008,1,1,0,0,0,0,0,0,0,0
9535,2007,3,2,1,1,0,0,1,0,0,0
9535,2008,3,3,0,0,0,0,0,0,1,0
9559,2002,1,1,0,0,0,0,0,0,1,0
9559,2005,2,2,0,0,0,0,0,0,0,0
9576,2009,6,6,2,0,0,0,0,0,0,0
9603,2003,2,1,0,0,0,0,1,0,0,0
9618,2003,2,2,0,0,0,0,0,0,1,0
9618,2004,3,2,0,0,0,0,1,0,1,0
9620,2003,2,2,1,0,0,0,0,0,0,0
9620,2004,2,2,0,0,0,0,0,0,1,0
9620,2005,1,1,0,0,0,0,0,0,1,0
9620,2009,1,1,0,0,0,0,0,0,0,0
9621,2002,2,2,0,0,0,0,0,0,1,0
9621,2004,1,1,0,0,0,0,0,0,0,0
9621,2005,3,3,1,0,0,1,0,0,1,0
9634,2004,1,1,0,0,0,0,0,0,0,0
9634,2005,2,2,0,0,0,0,0,0,1,0
9637,2004,3,3,1,0,0,0,0,0,1,0
9659,2003,1,1,0,0,0,0,0,0,0,0
9659,2004,1,1,0,0,0,0,0,0,0,0
9659,2005,3,3,1,0,0,0,0,0,0,0
9659,2010,1,1,0,0,0,0,0,0,0,0
9664,2006,3,3,0,0,0,0,0,0,1,0
9664,2007,2,1,0,0,0,0,1,0,0,0
9672,2004,1,1,0,0,0,0,0,0,0,0
9707,2004,4,4,0,0,0,0,0,0,1,0
9707,2005,3,3,0,0,0,0,0,0,0,0
9714,2012,1,0,0,0,0,0,1,0,0,0
9715,2002,3,3,0,0,0,0,0,0,0,0
9715,2003,1,1,1,0,0,0,0,0,0,0
9761,2003,3,2,0,0,0,0,1,0,1,0
9761,2010,1,1,1,1,0,0,0,0,0,0
9761,2012,1,1,0,0,0,0,0,0,1,0
9772,2004,3,3,1,1,0,0,0,0,0,0
9780,2005,1,1,0,0,0,0,0,0,0,0
9780,2006,1,1,0,0,0,0,0,0,0,0
9781,2003,2,2,1,0,0,0,0,0,0,0
9781,2004,3,2,0,0,0,0,1,0,1,0
9781,2005,1,0,0,0,0,0,1,0,0,0
9781,2012,1,1,0,0,0,0,0,0,0,0
9782,2012,2,2,1,0,0,1,0,0,0,0
9783,2010,1,1,0,0,0,0,0,0,1,0
9788,2012,1,1,0,0,0,0,0,0,1,0
9809,2003,1,1,1,0,0,0,0,0,0,0
9810,2004,3,3,1,0,0,0,0,0,1,0
9811,2009,1,1,1,0,0,0,0,0,0,0
9822,2006,3,2,0,0,0,0,1,0,0,0
9822,2007,5,4,2,0,1,0,1,0,0,0
9822,2009,5,5,3,2,0,0,0,0,1,0
9822,2012,2,2,0,0,0,0,0,0,0,0
9830,2012,1,1,0,0,0,0,0,0,0,0
9835,2011,2,2,0,0,0,0,0,0,1,0
9835,2012,2,2,2,0,1,0,0,0,0,0
9840,2002,4,4,2,1,0,0,0,0,1,0
9840,2003,2,2,0,0,0,0,0,0,0,0
9840,2004,6,6,2,0,0,1,0,0,0,0
9840,2005,3,3,1,0,0,0,0,0,0,0
9887,2003,1,0,0,0,0,0,1,0,0,0
9887,2004,3,1,0,0,0,0,2,0,1,0
9887,2009,1,1,0,0,0,0,0,0,0,0
9893,2012,7,5,1,0,0,0,1,0,1,0
9902,2009,1,1,0,0,0,0,0,0,1,0
9902,2011,5,5,1,0,0,0,0,0,0,0
9911,2003,3,3,1,0,0,0,0,0,0,0
9930,2007,1,1,0,0,0,0,0,0,0,0
9933,2009,2,2,2,0,0,0,0,0,0,0
10002,2004,4,4,0,0,0,0,0,0,1,0
10025,2009,1,1,1,0,0,0,0,0,0,0
10026,2010,2,2,0,0,0,0,0,0,1,0
10029,2006,1,1,1,0,0,1,0,0,0,0
10029,2008,1,1,0,0,0,0,0,0,0,0
10029,2009,1,1,0,0,0,0,0,0,0,0
10050,2002,4,4,0,0,0,0,0,0,1,0
10050,2004,4,3,1,0,0,0,1,0,1,0
10066,2010,5,5,3,0,0,1,0,0,1,0
10068,2004,2,1,1,0,0,0,1,0,0,0
10068,2005,6,6,2,0,0,0,0,0,1,0
10068,2006,3,3,1,0,0,0,0,0,0,0
10068,2007,1,1,1,0,0,1,0,0,0,0
10069,2004,3,3,1,0,0,0,0,0,2,0
10069,2005,6,6,1,0,0,0,0,0,1,0
10097,2006,5,4,1,0,0,0,1,0,1,0
10097,2007,3,3,2,1,0,0,0,0,0,0
10097,2008,1,1,0,0,0,0,0,0,0,0
10103,2011,1,1,0,0,0,0,0,0,0,0
10103,2012,1,1,0,0,0,0,0,0,0,0
10111,2010,2,2,0,0,0,0,0,0,1,0
10118,2011,1,0,0,0,0,0,1,0,0,0
10126,2007,7,6,1,0,1,0,1,0,1,0
10126,2008,3,2,0,0,0,0,1,0,0,0
10126,2009,1,1,0,0,0,0,0,0,0,0
10136,2006,4,4,0,0,0,0,0,0,1,0
10136,2011,6,6,3,1,0,0,0,0,0,0
10142,2008,1,1,0,0,0,0,0,0,0,0
10142,2009,1,1,0,0,0,0,0,0,0,0
10142,2011,1,1,1,1,0,0,0,0,0,0
10146,2006,1,1,0,0,0,0,0,0,1,0
10146,2008,1,1,0,0,0,0,0,0,1,0
10146,2009,1,1,0,0,0,0,0,0,0,0
10147,2012,1,0,0,0,0,0,1,0,0,0
10156,2006,4,4,1,0,0,0,0,0,1,0
10156,2007,1,1,1,0,0,0,0,0,0,0
10156,2008,8,8,3,1,0,0,0,0,0,0
10156,2009,12,11,2,1,0,0,1,0,3,0
10172,2003,2,2,0,0,0,0,0,0,0,0
10209,2005,3,3,2,1,0,0,0,0,0,0
10209,2006,3,3,0,0,0,0,0,0,0,0
10209,2010,3,3,0,0,0,0,0,0,0,0
10216,2003,1,1,0,0,0,0,0,0,1,0
10217,2003,2,1,0,0,0,0,1,0,0,0
10217,2004,6,6,2,0,0,0,0,0,1,0
10217,2005,6,6,1,0,0,1,0,0,0,0
10217,2008,4,3,1,1,0,0,1,0,1,0
10217,2010,3,2,1,1,0,0,1,0,1,0
10229,2006,3,3,0,0,0,0,0,0,0,0
10236,2002,1,1,0,0,0,0,0,0,1,0
10236,2003,2,1,0,0,0,0,0,0,0,1
10246,2003,1,1,0,0,0,0,0,0,0,0
10246,2005,1,1,0,0,0,0,0,0,0,0
10246,2006,1,1,0,0,0,0,0,0,0,0
10249,2005,3,3,2,1,0,0,0,0,0,0
10249,2009,3,3,2,2,0,0,0,0,0,0
10249,2010,3,3,0,0,0,0,0,0,1,0
10249,2011,10,10,1,0,0,0,0,0,2,0
10249,2012,3,3,1,0,0,0,0,0,0,0
10288,2009,9,8,1,1,0,0,1,0,0,0
10288,2010,6,6,3,0,0,0,0,0,0,0
10288,2012,2,2,0,0,0,0,0,0,2,0
10294,2004,13,12,5,1,1,0,1,0,4,0
10294,2005,3,3,2,1,0,0,0,0,0,0
10300,2009,1,1,0,0,0,0,0,0,1,0
10300,2010,1,0,0,0,0,0,0,0,0,0
10313,2006,10,9,4,0,0,0,1,0,0,0
10332,2002,1,1,1,0,0,0,0,0,0,0
10332,2003,1,1,0,0,0,0,0,0,1,0
10332,2004,3,2,0,0,0,0,1,0,0,0
10332,2007,1,1,0,0,0,0,0,0,0,0
10332,2010,2,2,0,0,0,0,0,0,0,0
10336,2006,1,1,0,0,0,0,0,0,1,0
10409,2006,1,0,0,0,0,0,1,0,0,0
10409,2007,3,3,1,0,1,0,0,0,1,0
10409,2008,2,2,0,0,0,0,0,0,0,0
10415,2008,1,1,0,0,0,0,0,0,0,0
10418,2012,2,2,0,0,0,0,0,0,0,0
10420,2002,5,5,1,0,0,0,0,0,1,0
10440,2003,2,1,0,0,0,0,1,0,0,0
10440,2005,2,2,1,0,0,0,0,0,0,0
10440,2006,9,9,4,0,1,2,0,0,1,0
10458,2006,3,3,1,0,0,0,0,0,1,0
10503,2011,3,3,1,0,0,0,0,0,0,0
10516,2005,3,3,0,0,0,0,0,0,0,0
10530,2008,2,2,0,0,0,0,0,0,0,0
10537,2006,1,0,0,0,0,0,1,0,0,0
10546,2003,2,2,0,0,0,0,0,0,0,0
10547,2006,3,2,1,1,0,0,1,0,1,0
10547,2007,3,3,0,0,0,0,0,0,1,0
10547,2010,3,3,1,0,0,0,0,0,0,0
10547,2012,3,3,1,0,0,0,0,0,1,0
10549,2003,5,4,0,0,0,0,1,0,2,0
10549,2004,1,1,0,0,0,0,0,0,0,0
10549,2005,3,3,2,0,0,0,0,0,1,0
10549,2009,1,1,0,0,0,0,0,0,0,0
10549,2010,1,1,0,0,0,0,0,0,0,0
10572,2003,2,2,0,0,0,0,0,0,0,0
10572,2005,1,1,0,0,0,0,0,0,0,0
10572,2007,1,1,1,0,0,0,0,0,0,0
10572,2008,1,1,0,0,0,0,0,0,0,0
10576,2007,1,1,0,0,0,0,0,0,0,0
10600,2009,3,3,1,0,0,0,0,0,0,0
10611,2003,3,3,3,0,0,0,0,0,0,0
10634,2010,2,2,2,1,0,0,0,0,0,0
10634,2012,2,2,1,0,0,0,0,0,1,0
10637,2005,2,1,0,0,0,0,1,0,1,0
10682,2005,3,3,0,0,0,0,0,0,0,0
10704,2008,1,1,0,0,0,0,0,0,0,0
10704,2009,1,1,1,0,0,1,0,0,0,0
10720,2003,1,1,0,0,0,0,0,0,0,0
10728,2008,2,2,0,0,0,0,0,0,1,0
10733,2007,1,0,0,0,0,0,1,0,0,0
10733,2008,1,1,0,0,0,0,0,0,0,0
10733,2012,1,1,0,0,0,0,0,0,1,0
10772,2006,2,2,1,0,0,0,0,0,0,0
10782,2006,3,3,1,0,0,1,0,0,1,0
10782,2007,7,6,3,1,0,0,1,0,2,0
10793,2006,3,3,0,0,0,0,0,0,1,0
10793,2007,6,6,2,0,0,0,0,0,1,0
10793,2008,3,2,1,1,0,0,0,0,0,1
10811,2003,3,3,0,0,0,0,0,0,1,0
10811,2005,3,2,1,0,0,0,0,1,1,0
10832,2006,6,6,2,1,1,0,0,0,1,0
10846,2010,1,1,0,0,0,0,0,0,0,0
10848,2003,1,1,0,0,0,0,0,0,0,0
10848,2010,2,2,0,0,0,0,0,0,0,0
10856,2002,1,1,1,0,0,0,0,0,0,0
10856,2003,12,11,3,1,0,0,1,0,1,0
10856,2004,6,5,0,0,0,0,1,0,2,0
10856,2006,5,4,2,1,0,0,1,0,0,0
10856,2007,6,5,3,0,0,0,1,0,0,0
10891,2007,2,1,0,0,0,0,1,0,0,0
10892,2008,1,1,1,1,0,0,0,0,0,0
10892,2009,1,1,0,0,0,0,0,0,0,0
10926,2005,1,1,0,0,0,0,0,0,1,0
10926,2006,1,1,0,0,0,0,0,0,1,0
10926,2007,1,1,0,0,0,0,0,0,0,0
10932,2003,3,1,0,0,0,0,2,0,0,0
10932,2005,1,1,0,0,0,0,0,0,0,0
10946,2012,2,2,1,0,0,0,0,0,0,0
10963,2002,1,1,0,0,0,0,0,0,0,0
10963,2006,1,1,1,0,0,0,0,0,0,0
10963,2007,1,1,0,0,0,0,0,0,0,0
10984,2009,3,3,0,0,0,0,0,0,1,0
10999,2002,3,2,2,0,0,0,1,0,0,0
11014,2002,5,5,2,1,0,0,0,0,2,0
11026,2008,1,1,0,0,0,0,0,0,1,0
11026,2009,1,1,1,0,0,1,0,0,0,0
11026,2010,1,1,1,0,0,0,0,0,0,0
11047,2003,2,2,1,0,0,0,0,0,0,0
11066,2008,1,1,0,0,0,0,0,0,0,0
11071,2009,3,2,0,0,0,0,0,1,1,0
11071,2010,1,1,0,0,0,0,0,0,0,0
11111,2012,2,2,0,0,0,0,0,0,0,0
11112,2005,1,1,0,0,0,0,0,0,1,0
11112,2009,3,3,1,0,0,0,0,0,1,0
11112,2011,1,1,0,0,0,0,0,0,0,0
11141,2002,5,5,2,1,0,0,0,0,0,0
11141,2004,3,2,2,1,0,0,1,0,0,0
11141,2005,1,1,0,0,0,0,0,0,1,0
11144,2011,1,1,0,0,0,0,0,0,0,0
11144,2012,1,1,1,0,1,0,0,0,0,0
11167,2003,1,1,1,0,0,0,0,0,0,0
11167,2004,1,1,1,0,0,0,0,0,0,0
11172,2003,4,4,1,0,0,0,0,0,1,0
11172,2005,3,3,1,0,0,0,0,0,0,0
11172,2006,3,3,1,0,0,0,0,0,0,0
11172,2007,3,3,2,0,1,0,0,0,0,0
11172,2008,5,5,0,0,0,0,0,0,1,0
11172,2010,2,1,1,0,0,0,1,0,0,0
11175,2011,2,2,0,0,0,0,0,0,0,0
11204,2012,1,1,0,0,0,0,0,0,0,0
11207,2006,3,3,1,0,0,0,0,0,0,0
11219,2008,1,1,0,0,0,0,0,0,0,0
11222,2003,1,1,0,0,0,0,0,0,0,0
11244,2010,4,3,1,0,0,0,1,0,1,0
11245,2010,2,2,0,0,0,0,0,0,0,0
11245,2011,1,1,0,0,0,0,0,0,1,0
11252,2004,3,2,0,0,0,0,1,0,0,0
11253,2006,1,1,0,0,0,0,0,0,0,0
11268,2006,1,1,1,1,0,0,0,0,0,0
11268,2007,1,1,0,0,0,0,0,0,0,0
11268,2009,1,0,0,0,0,0,1,0,0,0
11285,2007,3,3,2,0,0,0,0,0,0,0
11285,2008,1,1,0,0,0,0,0,0,1,0
11326,2012,2,2,1,0,0,0,0,0,0,0
11337,2010,1,1,1,1,0,0,0,0,0,0
11377,2007,1,1,1,0,0,0,0,0,0,0
11377,2008,1,1,0,0,0,0,0,0,0,0
11398,2010,4,4,0,0,0,0,0,0,1,0
11399,2006,2,2,0,0,0,0,0,0,1,0
11399,2007,3,3,0,0,0,0,0,0,1,0
11399,2009,1,1,0,0,0,0,0,0,0,0
11399,2010,1,1,0,0,0,0,0,0,0,0
11426,2006,5,4,2,0,1,0,1,0,0,0
11437,2006,8,7,3,1,0,0,0,1,0,0
11437,2007,1,1,1,1,0,0,0,0,0,0
11445,2009,1,1,0,0,0,0,0,0,0,0
11460,2005,2,1,1,0,0,0,1,0,0,0
11460,2009,2,1,0,0,0,0,1,0,0,0
11460,2010,2,2,0,0,0,0,0,0,0,0
11466,2008,1,1,0,0,0,0,0,0,1,0
11466,2010,1,1,1,0,0,0,0,0,0,0
11489,2003,3,3,0,0,0,0,0,0,0,0
11489,2004,3,3,1,1,0,0,0,0,1,0
11489,2005,2,2,1,1,0,0,0,0,1,0
11489,2007,1,1,0,0,0,0,0,0,1,0
11501,2010,1,1,0,0,0,0,0,0,1,0
11522,2006,5,5,3,1,0,0,0,0,1,0
11522,2007,6,2,1,1,0,0,3,0,1,1
11558,2003,1,1,0,0,0,0,0,0,1,0
11558,2006,2,2,2,0,0,0,0,0,0,0
11558,2007,2,2,1,0,0,1,0,0,1,0
11558,2008,2,2,2,1,0,0,0,0,0,0
11570,2006,5,5,3,0,0,0,0,0,0,0
11577,2006,6,5,0,0,0,0,0,0,1,1
11577,2007,3,1,0,0,0,0,1,0,0,1
11607,2008,2,1,0,0,0,0,1,0,1,0
11628,2003,1,1,0,0,0,0,0,0,0,0
11628,2004,2,1,0,0,0,0,1,0,0,0
11642,2005,1,1,0,0,0,0,0,0,0,0
11642,2006,1,0,0,0,0,0,1,0,0,0
11642,2007,1,0,0,0,0,0,1,0,0,0
11663,2010,1,1,0,0,0,0,0,0,0,0
11685,2007,1,1,0,0,0,0,0,0,0,0
11716,2011,1,1,1,0,0,0,0,0,0,0
11716,2012,2,1,1,0,1,0,1,0,0,0
11719,2008,1,1,1,0,0,1,0,0,0,0
11719,2009,2,2,1,0,0,0,0,0,0,0
11746,2009,2,2,2,0,0,0,0,0,0,0
11746,2010,4,3,0,0,0,0,1,0,1,0
11746,2012,3,3,1,0,1,0,0,0,1,0
11756,2009,3,3,2,0,0,0,0,0,0,0
11760,2002,3,3,0,0,0,0,0,0,0,0
11768,2003,2,2,0,0,0,0,0,0,0,0
11768,2004,2,2,1,0,0,0,0,0,1,0
11768,2005,2,2,0,0,0,0,0,0,0,0
11768,2007,3,2,0,0,0,0,1,0,0,0
11768,2008,1,1,1,0,0,0,0,0,0,0
11768,2010,1,0,0,0,0,0,1,0,0,0
11773,2009,3,3,0,0,0,0,0,0,1,0
11773,2010,3,3,1,1,0,0,0,0,0,0
11786,2009,2,2,0,0,0,0,0,0,0,0
11801,2003,3,3,2,0,0,1,0,0,0,0
11801,2004,12,12,2,1,0,0,0,0,2,0
11801,2009,3,3,1,1,0,0,0,0,0,0
11801,2010,3,2,1,0,1,0,1,0,0,0
11801,2011,6,4,1,0,0,0,1,1,1,0
11806,2009,1,1,0,0,0,0,0,0,0,0
11822,2003,1,1,0,0,0,0,0,0,0,0
11826,2011,3,3,1,0,0,0,0,0,1,0
11831,2011,1,1,0,0,0,0,0,0,1,0
11831,2012,1,1,0,0,0,0,0,0,0,0
11841,2010,9,9,3,0,0,0,0,0,2,0
11841,2012,3,3,1,0,0,0,0,0,1,0
11862,2012,1,0,0,0,0,0,1,0,0,0
11863,2007,2,2,0,0,0,0,0,0,1,0
11863,2008,1,1,1,0,0,0,0,0,0,0
11863,2009,1,0,0,0,0,0,1,0,0,0
11873,2006,2,2,1,0,0,0,0,0,0,0
11873,2007,1,1,0,0,0,0,0,0,0,0
11873,2008,1,1,0,0,0,0,0,0,1,0
11875,2004,4,3,0,0,0,0,1,0,1,0
11875,2005,1,1,0,0,0,0,0,0,1,0
11875,2009,1,1,0,0,0,0,0,0,0,0
11895,2005,1,1,0,0,0,0,0,0,0,0
11904,2011,3,3,1,0,0,0,0,0,1,0
11905,2009,6,6,3,1,0,0,0,0,2,0
11905,2011,2,2,0,0,0,0,0,0,2,0
11920,2009,1,1,0,0,0,0,0,0,0,0
11922,2008,2,2,0,0,0,0,0,0,0,0
11927,2003,6,5,3,0,0,1,1,0,0,0
11927,2004,3,3,0,0,0,0,0,0,0,0
11927,2005,5,4,0,0,0,0,1,0,0,0
11929,2006,2,2,1,0,0,0,0,0,0,0
11929,2008,2,2,0,0,0,0,0,0,1,0
11937,2006,2,2,1,0,0,0,0,0,0,0
11942,2006,1,1,0,0,0,0,0,0,0,0
11942,2007,3,3,0,0,0,0,0,0,0,0
11942,2009,6,6,1,0,0,0,0,0,2,0
11942,2012,3,3,1,0,1,0,0,0,0,0
11949,2003,13,13,3,1,0,0,0,0,2,0
11949,2004,7,7,1,0,0,1,0,0,0,0
11949,2008,3,3,1,1,0,0,0,0,1,0
11949,2010,3,3,1,1,0,0,0,0,1,0
11965,2004,2,2,0,0,0,0,0,0,0,0
11965,2005,1,1,0,0,0,0,0,0,0,0
11965,2007,1,1,1,1,0,0,0,0,0,0
11981,2006,1,1,1,0,0,0,0,0,0,0
11981,2008,2,2,2,0,0,0,0,0,0,0
12020,2012,1,1,1,0,0,0,0,0,0,0
12023,2005,4,4,1,0,0,0,0,0,0,0
12023,2007,3,3,1,0,0,0,0,0,0,0
12053,2005,2,2,0,0,0,0,0,0,0,0
12057,2002,3,3,0,0,0,0,0,0,1,0
12057,2003,3,3,2,0,0,0,0,0,0,0
12057,2004,3,2,0,0,0,0,1,0,0,0
12057,2005,3,3,2,1,0,0,0,0,0,0
12057,2006,2,2,0,0,0,0,0,0,0,0
12085,2011,1,1,0,0,0,0,0,0,1,0
12089,2006,2,2,1,0,0,0,0,0,0,0
12089,2007,3,3,2,0,0,0,0,0,0,0
12089,2008,1,1,0,0,0,0,0,0,0,0
12094,2002,3,3,0,0,0,0,0,0,1,0
12094,2003,10,10,2,0,0,0,0,0,1,0
12094,2006,3,2,1,1,0,0,1,0,0,0
12095,2009,6,5,1,0,0,0,0,0,2,1
12095,2010,6,5,3,1,1,0,1,0,0,0
12105,2012,1,1,0,0,0,0,0,0,0,0
12107,2003,3,3,0,0,0,0,0,0,0,0
12143,2002,3,3,1,1,0,0,0,0,0,0
12143,2003,5,5,0,0,0,0,0,0,2,0
12143,2005,9,9,2,0,1,0,0,0,1,0
12143,2006,7,7,3,0,0,0,0,0,0,0
12143,2007,9,9,2,0,1,0,0,0,1,0
12146,2007,2,2,1,0,0,0,0,0,0,0
12146,2008,1,1,0,0,0,0,0,0,0,0
12146,2009,1,1,1,0,0,0,0,0,0,0
12147,2009,6,6,0,0,0,0,0,0,2,0
12149,2005,1,1,0,0,0,0,0,0,0,0
12149,2007,2,2,1,0,0,0,0,0,0,0
12172,2003,3,2,1,0,0,0,1,0,0,0
12172,2004,3,3,1,0,0,0,0,0,0,0
12172,2005,5,5,1,1,0,0,0,0,3,0
12172,2010,3,2,1,0,0,0,1,0,0,0
12172,2011,3,1,0,0,0,0,1,0,0,0
12172,2012,2,2,0,0,0,0,0,0,0,0
12182,2006,1,1,0,0,0,0,0,0,0,0
12182,2007,1,1,1,0,0,1,0,0,0,0
12182,2011,1,0,0,0,0,0,1,0,0,0
12195,2011,3,3,0,0,0,0,0,0,1,0
12195,2012,3,3,0,0,0,0,0,0,0,0
12216,2003,1,1,0,0,0,0,0,0,1,0
12226,2003,2,2,0,0,0,0,0,0,0,0
12232,2003,1,1,1,0,1,0,0,0,0,0
12232,2006,2,1,1,0,1,0,1,0,0,0
12232,2007,1,1,0,0,0,0,0,0,0,0
12242,2005,2,2,0,0,0,0,0,0,0,0
12242,2007,1,1,0,0,0,0,0,0,0,0
12271,2012,1,1,0,0,0,0,0,0,1,0
12302,2006,3,2,1,0,0,0,1,0,0,0
12303,2006,3,3,2,0,0,0,0,0,0,0
12303,2007,7,7,2,0,0,1,0,0,1,0
12303,2010,6,5,1,0,0,0,1,0,0,0
12303,2011,2,2,1,0,0,0,0,0,1,0
12321,2007,3,3,0,0,0,0,0,0,2,0
12335,2003,1,0,0,0,0,0,1,0,0,0
12346,2010,1,1,1,0,0,0,0,0,0,0
12351,2004,1,0,0,0,0,0,1,0,0,0
12351,2006,1,1,0,0,0,0,0,0,0,0
12353,2004,3,3,0,0,0,0,0,0,1,0
12353,2005,4,4,1,0,0,0,0,0,1,0
12353,2007,1,1,1,0,0,1,0,0,0,0
12358,2003,3,3,1,0,0,0,0,0,0,0
12358,2006,16,15,2,0,0,0,1,0,2,0
12358,2007,3,3,1,0,0,0,0,0,1,0
12362,2006,2,2,0,0,0,0,0,0,0,0
12362,2009,3,3,0,0,0,0,0,0,0,0
12362,2011,3,1,0,0,0,0,2,0,1,0
12369,2005,3,3,0,0,0,0,0,0,0,0
12369,2010,9,7,2,0,0,1,2,0,0,0
12391,2002,3,3,2,1,0,0,0,0,0,0
12433,2005,1,0,0,0,0,0,1,0,0,0
12433,2006,1,1,0,0,0,0,0,0,0,0
12460,2007,7,6,3,0,0,0,1,0,0,0
12460,2008,5,5,2,0,0,0,0,0,1,0
12460,2012,5,5,1,0,0,0,0,0,1,0
12476,2011,1,1,0,0,0,0,0,0,1,0
12486,2006,1,1,0,0,0,0,0,0,0,0
12492,2003,3,3,0,0,0,0,0,0,2,0
12494,2005,2,1,0,0,0,0,0,0,0,1
12497,2003,2,2,1,1,0,0,0,0,1,0
12502,2011,3,2,0,0,0,0,1,0,1,0
12502,2012,2,2,0,0,0,0,0,0,0,0
12510,2012,5,5,2,0,0,0,0,0,2,0
12522,2003,1,0,0,0,0,0,0,0,0,1
12522,2004,2,2,1,0,0,1,0,0,0,0
12526,2006,9,5,3,0,1,0,4,0,0,0
12526,2010,1,1,0,0,0,0,0,0,0,0
12527,2002,1,0,0,0,0,0,0,1,0,0
12527,2005,3,3,1,0,0,0,0,0,2,0
12537,2009,1,1,1,0,0,0,0,0,0,0
12540,2005,1,1,0,0,0,0,0,0,0,0
12540,2006,1,1,0,0,0,0,0,0,0,0
12540,2007,3,3,2,1,0,0,0,0,1,0
12540,2009,1,1,0,0,0,0,0,0,0,0
12540,2010,1,1,0,0,0,0,0,0,1,0
12550,2005,1,0,0,0,0,0,1,0,0,0
12550,2008,2,2,0,0,0,0,0,0,0,0
12557,2003,2,2,1,0,0,1,0,0,0,0
12557,2004,2,2,0,0,0,0,0,0,0,0
12557,2005,2,2,0,0,0,0,0,0,0,0
12568,2007,3,1,1,0,0,0,0,1,0,0
12568,2008,1,1,1,1,0,0,0,0,0,0
12597,2005,3,3,1,0,0,0,0,0,0,0
12597,2006,3,3,2,0,0,1,0,0,0,0
12597,2007,11,9,1,0,0,0,2,0,1,0
12597,2008,5,4,1,0,0,0,0,0,0,0
12597,2009,9,8,1,0,0,1,1,0,0,0
12633,2011,3,3,0,0,0,0,0,0,1,0
12635,2003,11,8,2,0,0,0,3,0,0,0
12635,2004,8,7,1,1,0,0,1,0,1,0
12656,2008,2,2,1,0,0,0,0,0,0,0
12656,2009,1,1,1,0,0,0,0,0,0,0
12656,2011,1,1,0,0,0,0,0,0,0,0
12656,2012,2,2,1,0,1,0,0,0,0,0
12663,2009,3,2,0,0,0,0,1,0,1,0
12663,2012,2,2,1,0,0,1,0,0,0,0
12671,2002,4,4,2,1,1,0,0,0,1,0
12671,2003,6,6,0,0,0,0,0,0,3,0
12671,2006,4,3,1,0,0,0,0,0,0,1
12671,2007,7,7,1,1,0,0,0,0,1,0
12671,2008,11,10,3,1,1,0,1,0,1,0
12671,2009,9,6,1,0,0,0,3,0,2,0
12671,2011,5,5,1,0,0,1,0,0,1,0
12679,2010,1,1,0,0,0,0,0,0,1,0
