16,2006,1,1,0,0,0,0,0,0,0,0
16,2007,4,4,0,0,0,0,0,0,0,0
26,2016,3,3,1,0,0,0,0,0,1,0
26,2017,3,3,1,0,0,1,0,0,1,0
26,2018,3,3,2,0,1,0,0,0,0,0
26,2019,3,3,1,0,0,0,0,0,1,0
37,2011,3,3,1,0,1,0,0,0,1,0
51,2016,2,2,1,0,0,0,0,0,1,0
61,2014,3,1,0,0,0,0,1,0,0,1
61,2015,3,2,0,0,0,0,1,0,2,0
61,2016,1,1,0,0,0,0,0,0,0,0
84,2014,3,3,1,0,0,0,0,0,1,0
84,2017,3,3,0,0,0,0,0,0,1,0
93,2006,2,2,0,0,0,0,0,0,2,0
95,2018,3,3,1,1,0,0,0,0,1,0
95,2019,6,5,1,0,0,0,0,0,1,0
101,2018,3,3,1,0,0,0,0,0,0,0
114,2020,2,2,1,1,0,0,0,0,0,0
117,2017,3,3,1,0,0,0,0,0,0,0
126,2019,3,2,0,0,0,0,0,0,2,0
147,2019,6,5,2,0,0,0,1,0,3,0
151,2007,1,1,0,0,0,0,0,0,1,0
151,2009,3,3,0,0,0,0,0,0,0,0
187,2014,3,3,0,0,0,0,0,0,0,0
187,2016,1,1,0,0,0,0,0,0,0,0
187,2017,2,2,0,0,0,0,0,0,1,0
187,2018,3,3,0,0,0,0,0,0,1,0
188,2016,3,3,0,0,0,0,0,0,0,0
199,2019,3,2,1,0,0,1,1,0,0,0
200,2011,2,2,0,0,0,0,0,0,1,0
200,2012,6,5,1,0,0,0,1,0,1,0
203,2007,3,2,0,0,0,0,1,0,1,0
212,2012,4,4,2,0,0,0,0,0,1,0
212,2015,4,4,2,0,0,1,0,0,0,0
212,2016,11,7,1,0,0,0,1,3,0,0
212,2017,3,3,1,0,0,0,0,0,1,0
212,2018,12,10,2,0,0,0,1,0,2,1
220,2015,3,3,0,0,0,0,0,0,2,0
225,2014,8,8,1,0,0,0,0,0,2,0
233,2010,4,4,1,1,0,0,0,0,2,0
233,2013,3,3,0,0,0,0,0,0,3,0
246,2014,3,3,0,0,0,0,0,0,2,0
257,2006,5,5,0,0,0,0,0,0,2,0
257,2008,1,1,1,0,0,0,0,0,0,0
257,2011,3,2,0,0,0,0,1,0,1,0
265,2019,6,6,1,1,0,0,0,0,2,0
275,2009,6,6,1,1,0,0,0,0,1,0
282,2008,7,7,1,0,0,0,0,0,3,0
291,2006,1,1,0,0,0,0,0,0,1,0
298,2017,3,3,0,0,0,0,0,0,1,0
298,2018,3,3,2,1,0,0,0,0,1,0
298,2019,3,3,1,0,0,0,0,0,1,0
299,2016,2,2,0,0,0,0,0,0,1,0
301,2009,3,3,1,1,0,0,0,0,2,0
304,2019,3,3,1,0,0,0,0,0,1,0
316,2018,3,3,1,0,0,1,0,0,0,0
319,2007,2,2,1,1,0,0,0,0,1,0
319,2008,3,3,1,0,0,1,0,0,0,0
319,2011,3,2,2,0,0,0,1,0,0,0
319,2012,6,6,0,0,0,0,0,0,2,0
327,2012,4,3,0,0,0,0,1,0,0,0
327,2013,4,4,2,0,0,0,0,0,0,0
327,2016,4,4,0,0,0,0,0,0,0,0
334,2019,4,4,2,1,0,1,0,0,1,0
347,2013,3,3,1,1,0,0,0,0,2,0
348,2016,3,3,0,0,0,0,0,0,2,0
348,2018,2,2,1,0,0,0,0,0,0,0
348,2019,11,10,1,0,0,0,1,0,1,0
352,2013,3,2,1,1,0,0,1,0,0,0
352,2015,6,5,0,0,0,0,1,0,4,0
352,2016,3,3,1,0,0,1,0,0,0,0
352,2019,2,0,0,0,0,0,1,1,0,0
357,2010,2,2,1,1,0,0,0,0,0,0
357,2012,4,4,2,0,0,0,0,0,0,0
357,2013,3,3,1,0,0,0,0,0,0,0
357,2014,3,3,0,0,0,0,0,0,1,0
382,2015,1,1,0,0,0,0,0,0,1,0
384,2008,2,1,0,0,0,0,1,0,0,0
384,2011,1,1,0,0,0,0,0,0,0,0
412,2006,2,1,0,0,0,0,0,0,1,0
421,2009,3,3,2,0,0,1,0,0,0,0
433,2007,8,8,2,1,0,0,0,0,1,0
433,2008,6,4,3,2,0,1,2,0,0,0
433,2009,1,1,1,0,0,0,0,0,0,0
435,2006,5,4,0,0,0,0,1,0,1,0
440,2018,3,3,0,0,0,0,0,0,2,0
440,2019,2,2,1,0,0,0,0,0,1,0
443,2019,2,2,1,0,0,0,0,0,1,0
448,2013,3,3,1,1,0,0,0,0,2,0
451,2012,4,4,2,1,0,1,0,0,0,0
451,2013,2,1,1,0,0,1,1,0,0,0
451,2016,7,5,2,1,0,0,2,0,2,0
451,2017,3,3,1,0,0,0,0,0,1,0
460,2008,3,3,1,0,0,0,0,0,0,0
460,2015,4,4,0,0,0,0,0,0,1,0
462,2006,3,3,1,0,0,0,0,0,1,0
480,2018,3,2,0,0,0,0,0,1,0,0
480,2019,7,7,1,1,0,0,0,0,3,0
482,2008,2,2,1,0,0,0,0,0,0,0
486,2016,4,4,1,1,0,0,0,0,1,0
500,2008,2,2,0,0,0,0,0,0,1,0
500,2011,2,1,0,0,0,0,0,0,0,0
500,2014,1,0,0,0,0,0,1,0,0,0
523,2014,14,13,4,1,0,0,1,0,4,0
523,2015,3,3,1,1,0,0,0,0,2,0
524,2008,3,3,0,0,0,0,0,0,2,0
524,2010,3,3,0,0,0,0,0,0,0,0
531,2008,3,3,1,1,0,0,0,0,0,0
543,2006,2,2,0,0,0,0,0,0,0,0
559,2016,3,3,0,0,0,0,0,0,2,0
582,2009,4,3,2,0,0,0,1,0,0,0
582,2011,3,3,1,0,0,0,0,0,1,0
591,2007,1,0,0,0,0,0,1,0,0,0
592,2012,2,2,0,0,0,0,0,0,1,0
593,2008,3,3,0,0,0,0,0,0,0,0
593,2009,2,2,0,0,0,0,0,0,2,0
598,2006,3,3,2,0,0,0,0,0,0,0
598,2007,3,2,1,0,0,0,0,0,0,1
615,2009,2,2,2,1,0,0,0,0,0,0
615,2011,3,3,2,1,0,1,0,0,1,0
615,2013,6,6,0,0,0,0,0,0,2,0
615,2015,3,3,1,1,0,0,0,0,0,0
616,2018,2,2,0,0,0,0,0,0,2,0
616,2019,2,2,0,0,0,0,0,0,1,0
618,2012,4,4,0,0,0,0,0,0,1,0
618,2015,4,4,0,0,0,0,0,0,2,0
621,2013,3,3,0,0,0,0,0,0,2,0
634,2014,3,3,0,0,0,0,0,0,1,0
634,2015,6,5,1,0,0,0,1,0,1,0
634,2016,2,2,0,0,0,0,0,0,1,0
634,2018,4,3,0,0,0,0,1,0,0,0
642,2017,1,1,0,0,0,0,0,0,1,0
656,2006,2,2,1,0,0,1,0,0,0,0
656,2007,6,6,0,0,0,0,0,0,1,0
669,2011,7,7,1,0,0,0,0,0,2,0
669,2012,3,3,0,0,0,0,0,0,1,0
700,2007,5,5,0,0,0,0,0,0,2,0
724,2006,3,2,1,0,0,0,1,0,1,0
724,2009,2,1,0,0,0,0,1,0,1,0
724,2010,3,3,0,0,0,0,0,0,1,0
724,2014,3,3,2,1,0,0,0,0,1,0
727,2006,3,2,1,1,0,0,0,0,1,1
727,2010,3,2,1,1,0,0,1,0,0,0
727,2011,7,6,2,0,0,0,1,0,3,0
732,2009,2,2,0,0,0,0,0,0,1,0
733,2010,2,2,0,0,0,0,0,0,2,0
733,2011,1,1,0,0,0,0,0,0,1,0
733,2012,2,2,0,0,0,0,0,0,2,0
768,2016,3,3,0,0,0,0,0,0,2,0
768,2018,3,3,0,0,0,0,0,0,1,0
768,2019,3,3,1,1,0,0,0,0,1,0
777,2019,1,1,0,0,0,0,0,0,0,0
803,2018,3,1,1,1,0,0,2,0,0,0
803,2019,3,2,1,0,0,1,1,0,0,0
817,2018,6,6,1,0,0,0,0,0,1,0
824,2006,3,3,1,0,0,0,0,0,2,0
824,2007,15,14,4,1,0,1,1,0,3,0
824,2008,6,6,1,0,0,0,0,0,2,0
824,2009,3,3,1,0,0,1,0,0,1,0
832,2010,6,6,2,1,0,1,0,0,3,0
833,2012,3,3,0,0,0,0,0,0,0,0
833,2015,5,3,2,1,0,1,2,0,0,0
833,2019,3,3,0,0,0,0,0,0,0,0
834,2006,3,3,1,0,0,0,0,0,1,0
834,2007,10,9,3,0,0,2,1,0,1,0
834,2008,7,6,1,0,0,0,1,0,1,0
834,2009,3,3,1,0,0,0,0,0,0,0
834,2010,10,10,4,2,0,1,0,0,4,0
834,2011,9,9,0,0,0,0,0,0,3,0
834,2013,3,3,1,0,0,0,0,0,1,0
834,2015,3,3,0,0,0,0,0,0,1,0
834,2016,1,1,1,0,0,0,0,0,0,0
834,2017,3,3,0,0,0,0,0,0,2,0
849,2018,3,3,1,0,0,0,0,0,0,0
857,2006,2,1,0,0,0,0,1,0,0,0
863,2010,3,3,0,0,0,0,0,0,1,0
880,2008,2,2,0,0,0,0,0,0,2,0
888,2006,7,7,1,0,0,0,0,0,3,0
888,2007,7,6,2,0,0,0,0,1,0,0
888,2008,2,2,2,0,0,0,0,0,0,0
888,2009,7,3,1,0,0,0,4,0,0,0
888,2011,3,3,1,0,0,0,0,0,1,0
895,2010,3,2,0,0,0,0,0,1,1,0
913,2019,3,2,1,0,0,1,1,0,0,0
921,2011,3,3,1,0,0,1,0,0,0,0
921,2013,3,3,3,0,0,0,0,0,0,0
922,2006,3,3,0,0,0,0,0,0,2,0
924,2014,2,2,0,0,0,0,0,0,1,0
927,2015,3,2,0,0,0,0,1,0,2,0
929,2015,3,3,1,0,0,1,0,0,1,0
929,2018,3,3,0,0,0,0,0,0,0,0
936,2013,3,3,0,0,0,0,0,0,0,0
936,2014,1,1,1,0,0,0,0,0,0,0
954,2006,7,7,0,0,0,0,0,0,1,0
954,2007,4,4,1,0,0,0,0,0,1,0
962,2009,3,3,0,0,0,0,0,0,2,0
974,2019,3,3,0,0,0,0,0,0,1,0
979,2011,3,3,1,0,0,0,0,0,0,0
982,2015,4,4,0,0,0,0,0,0,1,0
982,2016,3,3,2,0,0,0,0,0,0,0
982,2019,4,4,1,0,0,0,0,0,2,0
995,2015,2,2,0,0,0,0,0,0,0,0
999,2007,3,2,0,0,0,0,0,1,0,0
999,2008,6,6,2,0,0,0,0,0,0,0
999,2009,6,6,2,1,0,0,0,0,1,0
999,2011,4,4,1,0,0,0,0,0,2,0
1003,2019,2,2,1,0,0,0,0,0,0,0
1006,2008,9,9,3,1,0,0,0,0,3,0
1006,2009,3,2,1,0,0,0,1,0,0,0
1006,2010,3,3,0,0,0,0,0,0,1,0
1006,2012,1,0,0,0,0,0,1,0,0,0
1006,2014,3,3,2,0,0,0,0,0,0,0
1008,2010,11,9,2,1,0,0,2,0,3,0
1008,2011,3,3,0,0,0,0,0,0,2,0
1008,2012,3,3,0,0,0,0,0,0,1,0
1012,2009,3,3,2,0,0,1,0,0,1,0
1012,2011,1,1,0,0,0,0,0,0,1,0
1012,2013,3,3,1,1,0,0,0,0,1,0
1042,2012,4,4,1,1,0,0,0,0,2,0
1048,2007,2,2,1,0,0,0,0,0,0,0
1048,2009,3,3,0,0,0,0,0,0,1,0
1067,2015,2,2,0,0,0,0,0,0,0,0
1067,2018,3,3,1,1,0,0,0,0,2,0
1069,2008,3,3,0,0,0,0,0,0,1,0
1093,2007,4,4,2,1,0,0,0,0,1,0
1101,2009,5,5,1,0,0,0,0,0,1,0
1101,2010,7,7,1,0,0,0,0,0,1,0
1101,2011,12,11,4,0,0,0,1,0,2,0
1101,2012,3,3,2,0,0,0,0,0,1,0
1101,2014,7,6,1,0,0,1,1,0,4,0
1104,2017,6,6,1,0,0,0,0,0,0,0
1104,2018,3,3,1,0,0,0,0,0,0,0
1114,2007,3,1,0,0,0,0,2,0,0,0
1114,2008,2,1,0,0,0,0,1,0,1,0
1114,2009,1,1,0,0,0,0,0,0,0,0
1126,2006,1,1,1,0,0,0,0,0,0,0
1168,2011,3,3,2,0,0,0,0,0,0,0
1171,2008,3,2,0,0,0,0,1,0,0,0
1171,2009,8,8,3,0,0,0,0,0,1,0
1171,2010,3,3,0,0,0,0,0,0,1,0
1171,2011,2,2,1,0,0,0,0,0,0,0
1171,2012,13,12,4,0,0,0,1,0,3,0
1172,2014,3,3,0,0,0,0,0,0,2,0
1172,2019,3,3,0,0,0,0,0,0,1,0
1231,2007,3,3,0,0,0,0,0,0,0,0
1231,2008,3,3,1,0,0,0,0,0,1,0
1251,2019,3,2,0,0,0,0,1,0,0,0
1254,2013,2,2,0,0,0,0,0,0,2,0
1261,2007,3,3,2,0,0,1,0,0,0,0
1261,2008,7,7,1,1,0,0,0,0,2,0
1261,2009,2,2,1,0,0,1,0,0,1,0
1261,2010,6,5,0,0,0,0,1,0,1,0
1261,2011,4,4,0,0,0,0,0,0,0,0
1261,2012,4,4,3,0,0,1,0,0,0,0
1261,2013,3,3,2,0,0,0,0,0,0,0
1261,2014,3,3,1,0,0,0,0,0,0,0
1261,2015,3,3,2,0,0,0,0,0,0,0
1261,2016,3,3,1,0,0,0,0,0,0,0
1261,2018,3,3,0,0,0,0,0,0,1,0
1261,2019,8,7,0,0,0,0,0,1,2,0
1263,2018,1,1,0,0,0,0,0,0,1,0
1279,2017,5,5,1,0,0,0,0,0,0,0
1279,2018,13,11,3,2,0,1,1,1,1,0
1279,2019,3,3,2,0,0,0,0,0,0,0
1324,2019,1,1,0,0,0,0,0,0,1,0
1373,2012,3,2,0,0,0,0,1,0,1,0
1373,2013,8,8,2,1,0,0,0,0,1,0
1439,2008,4,4,0,0,0,0,0,0,0,0
1439,2009,5,5,1,0,0,1,0,0,2,0
1439,2010,3,3,0,0,0,0,0,0,0,0
1439,2011,5,5,3,0,0,1,0,0,0,0
1439,2012,3,3,1,0,0,0,0,0,1,0
1439,2014,3,3,1,0,0,0,0,0,2,0
1439,2015,7,6,0,0,0,0,1,0,4,0
1439,2016,3,3,1,1,0,0,0,0,0,0
1439,2018,2,2,0,0,0,0,0,0,0,0
1439,2019,3,3,0,0,0,0,0,0,0,0
1455,2006,4,4,1,0,0,0,0,0,2,0
1455,2007,3,3,1,0,0,0,0,0,2,0
1467,2015,4,4,0,0,0,0,0,0,2,0
1467,2016,3,3,1,0,0,0,0,0,2,0
1477,2015,2,2,0,0,0,0,0,0,0,0
1486,2010,2,2,1,0,0,1,0,0,0,0
1486,2011,10,10,1,0,0,1,0,0,4,0
1486,2012,11,10,0,0,0,0,1,0,4,0
1486,2013,3,3,0,0,0,0,0,0,2,0
1495,2012,3,3,0,0,0,0,0,0,0,0
1496,2019,2,2,0,0,0,0,0,0,1,0
1514,2014,3,3,1,0,0,0,0,0,1,0
1514,2015,2,2,1,0,0,0,0,0,1,0
1514,2019,1,0,0,0,0,0,1,0,0,0
1542,2006,6,5,0,0,0,0,1,0,4,0
1542,2007,7,7,2,0,0,0,0,0,1,0
1542,2008,3,3,2,0,0,0,0,0,1,0
1556,2015,3,3,0,0,0,0,0,0,2,0
1560,2015,3,2,0,0,0,0,1,0,0,0
1560,2016,4,4,0,0,0,0,0,0,2,0
1562,2019,2,1,1,0,0,0,0,0,0,0
1572,2008,6,6,3,0,1,0,0,0,0,0
1576,2010,3,2,0,0,0,0,1,0,1,0
1596,2007,1,1,0,0,0,0,0,0,0,0
1596,2008,3,3,0,0,0,0,0,0,2,0
1596,2009,1,1,0,0,0,0,0,0,1,0
1596,2010,2,1,0,0,0,0,0,0,0,0
1607,2014,2,2,1,0,0,0,0,0,0,0
1607,2016,3,3,0,0,0,0,0,0,2,0
1607,2017,3,3,1,1,0,0,0,0,1,0
1607,2018,5,5,2,0,0,1,0,0,0,0
1612,2013,3,3,1,0,0,1,0,0,0,0
1612,2015,2,2,0,0,0,0,0,0,1,0
1612,2016,3,2,1,0,0,0,1,0,0,0
1626,2017,6,5,2,0,0,0,1,0,0,0
1633,2006,2,2,0,0,0,0,0,0,1,0
1633,2008,3,3,0,0,0,0,0,0,1,0
1633,2010,3,3,2,0,0,0,0,0,0,0
1633,2012,3,3,1,0,0,0,0,0,2,0
1633,2013,9,8,2,0,0,0,1,0,2,0
1636,2006,3,3,1,0,0,0,0,0,1,0
1642,2013,3,2,1,0,0,0,1,0,0,0
1642,2014,10,10,2,0,0,1,0,0,1,0
1642,2019,5,3,2,0,0,0,1,0,0,1
1646,2009,3,2,0,0,0,0,1,0,2,0
1646,2010,1,1,0,0,0,0,0,0,0,0
1646,2014,4,4,0,0,0,0,0,0,3,0
1654,2006,9,5,4,2,0,0,4,0,0,0
1654,2007,3,3,2,0,1,0,0,0,0,0
1654,2015,6,5,2,0,0,0,1,0,1,0
1654,2016,7,5,2,0,0,0,2,0,1,0
1654,2017,3,1,1,1,0,0,2,0,0,0
1655,2006,3,3,1,1,0,0,0,0,0,0
1655,2009,3,3,2,0,0,0,0,0,0,0
1655,2010,6,6,1,0,0,0,0,0,1,0
1655,2012,4,3,2,0,0,1,1,0,0,0
1655,2014,3,2,0,0,0,0,1,0,1,0
1655,2016,3,3,2,0,0,0,0,0,0,0
1655,2017,3,3,1,1,0,0,0,0,1,0
1657,2011,4,4,0,0,0,0,0,0,1,0
1666,2011,3,3,0,0,0,0,0,0,2,0
1666,2012,1,1,0,0,0,0,0,0,0,0
1667,2010,3,3,0,0,0,0,0,0,1,0
1667,2013,3,2,1,0,0,0,1,0,0,0
1667,2017,7,6,2,1,0,0,1,0,1,0
1667,2018,3,3,1,0,0,0,0,0,0,0
1667,2019,11,9,3,0,0,1,1,0,2,1
1669,2011,5,5,0,0,0,0,0,0,3,0
1669,2012,3,3,1,0,0,1,0,0,2,0
1669,2013,3,2,0,0,0,0,0,0,1,0
1671,2006,3,2,1,0,1,0,0,0,1,0
1671,2007,2,2,1,0,0,0,0,0,0,0
1671,2012,3,3,1,0,0,0,0,0,0,0
1677,2015,4,4,0,0,0,0,0,0,3,0
1677,2016,8,7,3,0,0,0,1,0,2,0
1677,2017,16,15,0,0,0,0,0,1,8,0
1677,2019,3,3,0,0,0,0,0,0,0,0
1695,2017,3,3,0,0,0,0,0,0,1,0
1700,2006,4,2,1,0,0,1,2,0,1,0
1700,2007,3,3,0,0,0,0,0,0,1,0
1700,2008,3,2,0,0,0,0,1,0,1,0
1700,2009,1,1,0,0,0,0,0,0,1,0
1700,2011,3,2,1,0,0,1,1,0,0,0
1714,2014,13,12,5,1,0,0,1,0,4,0
1742,2018,1,0,0,0,0,0,1,0,0,0
1746,2015,3,3,1,0,0,0,0,0,0,0
1746,2017,4,4,1,1,0,0,0,0,1,0
1746,2018,6,6,3,1,0,1,0,0,0,0
1755,2009,3,3,0,0,0,0,0,0,0,0
1755,2014,3,3,1,0,0,0,0,0,0,0
1755,2015,12,12,2,0,0,1,0,0,4,0
1755,2016,11,11,5,0,0,2,0,0,0,0
1755,2017,12,12,1,0,0,0,0,0,1,0
1755,2019,3,3,0,0,0,0,0,0,0,0
1759,2006,2,2,0,0,0,0,0,0,0,0
1759,2008,12,11,3,0,0,3,1,0,1,0
1759,2009,10,8,3,0,0,0,1,0,1,1
1759,2010,4,4,1,0,0,0,0,0,0,0
1759,2011,4,4,0,0,0,0,0,0,1,0
1773,2010,1,1,0,0,0,0,0,0,1,0
1796,2008,3,3,1,0,0,0,0,0,0,0
1806,2011,3,3,0,0,0,0,0,0,1,0
1812,2011,2,2,0,0,0,0,0,0,1,0
1813,2013,3,3,0,0,0,0,0,0,0,0
1813,2014,4,3,0,0,0,0,1,0,1,0
1813,2015,4,4,2,1,0,0,0,0,0,0
1813,2016,4,2,2,0,0,0,2,0,0,0
1813,2018,4,3,1,0,0,0,0,0,1,0
1813,2019,2,2,0,0,0,0,0,0,2,0
1817,2009,3,3,0,0,0,0,0,0,1,0
1830,2011,3,3,0,0,0,0,0,0,1,0
1830,2012,3,2,1,0,0,0,1,0,0,0
1830,2013,3,3,2,0,0,0,0,0,0,0
1840,2016,3,3,0,0,0,0,0,0,2,0
1852,2018,6,6,2,0,0,0,0,0,0,0
1852,2019,2,1,0,0,0,0,1,0,1,0
1857,2008,3,3,2,1,0,0,0,0,0,0
1873,2012,3,3,0,0,0,0,0,0,1,0
1877,2006,3,3,1,0,1,0,0,0,1,0
1897,2007,1,1,0,0,0,0,0,0,1,0
1897,2008,4,3,0,0,0,0,1,0,0,0
1898,2006,2,2,1,0,0,0,0,0,0,0
1898,2008,6,6,1,0,0,0,0,0,2,0
1899,2016,6,6,1,0,0,0,0,0,2,0
1903,2008,3,3,0,0,0,0,0,0,0,0
1903,2009,10,8,5,0,0,0,1,0,0,1
1903,2010,3,2,0,0,0,0,0,0,0,0
1911,2015,4,3,0,0,0,0,1,0,1,0
1911,2016,3,3,0,0,0,0,0,0,2,0
1911,2017,3,3,1,1,0,0,0,0,1,0
1911,2018,1,1,1,0,0,1,0,0,0,0
1919,2010,3,3,2,1,0,0,0,0,0,0
1919,2013,3,3,1,0,0,0,0,0,0,0
1919,2015,3,3,0,0,0,0,0,0,0,0
1919,2016,3,3,0,0,0,0,0,0,1,0
1919,2019,6,5,0,0,0,0,0,0,1,1
1923,2006,3,3,0,0,0,0,0,0,2,0
1925,2017,3,2,2,0,0,0,1,0,0,0
1951,2006,1,1,0,0,0,0,0,0,0,0
1951,2007,1,1,0,0,0,0,0,0,0,0
1951,2008,2,2,0,0,0,0,0,0,1,0
1951,2009,1,1,1,1,0,0,0,0,0,0
1951,2011,3,2,0,0,0,0,1,0,0,0
1962,2009,2,2,1,1,0,0,0,0,0,0
1962,2015,6,6,2,0,0,0,0,0,2,0
1962,2016,3,3,0,0,0,0,0,0,0,0
1962,2018,8,4,3,0,0,1,3,1,1,0
1971,2011,2,2,1,0,0,0,0,0,1,0
1971,2013,3,3,1,0,0,0,0,0,2,0
1998,2017,4,4,2,1,0,0,0,0,1,0
1998,2018,8,8,3,0,0,0,0,0,4,0
2006,2012,2,2,2,0,0,0,0,0,0,0
2015,2009,1,1,0,0,0,0,0,0,0,0
2027,2007,2,1,0,0,0,0,0,0,1,0
2034,2019,3,2,1,1,0,0,1,0,0,0
2037,2016,5,5,0,0,0,0,0,0,1,0
2037,2017,3,3,2,0,0,0,0,0,0,0
2074,2006,6,6,2,1,0,0,0,0,1,0
2074,2007,9,8,1,0,0,0,1,0,4,0
2074,2008,7,6,3,0,0,0,1,0,1,0
2074,2009,3,1,0,0,0,0,2,0,0,0
2084,2007,2,2,0,0,0,0,0,0,1,0
2086,2006,3,3,1,1,0,0,0,0,1,0
2087,2013,3,2,1,0,0,0,1,0,0,0
2087,2015,3,3,0,0,0,0,0,0,1,0
2101,2006,3,1,1,0,0,0,2,0,0,0
2123,2008,1,0,0,0,0,0,1,0,0,0
2133,2006,3,2,0,0,0,0,1,0,1,0
2147,2006,1,1,0,0,0,0,0,0,0,0
2190,2009,12,9,6,2,0,2,3,0,1,0
2190,2010,4,4,0,0,0,0,0,0,1,0
2190,2011,4,4,1,0,0,0,0,0,2,0
2190,2012,5,4,0,0,0,0,1,0,1,0
2190,2013,5,5,2,0,1,0,0,0,2,0
2190,2016,3,3,0,0,0,0,0,0,1,0
2204,2015,1,1,0,0,0,0,0,0,0,0
2212,2013,2,2,0,0,0,0,0,0,1,0
2233,2015,3,3,2,0,0,0,0,0,0,0
2237,2008,2,2,0,0,0,0,0,0,2,0
2239,2016,2,2,0,0,0,0,0,0,1,0
2239,2019,1,0,0,0,0,0,0,1,0,0
2247,2010,4,4,1,1,0,0,0,0,1,0
2247,2012,8,8,2,0,0,0,0,0,3,0
2262,2018,3,3,0,0,0,0,0,0,3,0
2263,2015,3,3,0,0,0,0,0,0,1,0
2266,2006,3,2,1,0,1,0,1,0,0,0
2266,2007,4,4,1,0,0,1,0,0,2,0
2275,2010,4,3,0,0,0,0,1,0,1,0
2282,2007,1,1,0,0,0,0,0,0,1,0
2287,2016,3,3,1,0,0,0,0,0,1,0
2318,2008,1,1,0,0,0,0,0,0,1,0
2318,2009,3,3,1,0,0,0,0,0,0,0
2322,2013,3,3,0,0,0,0,0,0,0,0
2337,2019,3,3,0,0,0,0,0,0,0,0
2356,2015,4,4,1,0,0,0,0,0,0,0
2356,2016,10,9,0,0,0,0,1,0,3,0
2356,2017,2,2,1,1,0,0,0,0,0,0
2356,2018,9,6,0,0,0,0,3,0,4,0
2358,2009,1,1,0,0,0,0,0,0,0,0
2369,2015,2,2,0,0,0,0,0,0,1,0
2379,2006,2,1,0,0,0,0,1,0,0,0
2389,2007,1,1,0,0,0,0,0,0,0,0
2394,2012,1,1,0,0,0,0,0,0,0,0
2399,2017,3,3,0,0,0,0,0,0,0,0
2415,2012,3,3,1,0,0,0,0,0,1,0
2415,2014,6,6,3,1,0,0,0,0,1,0
2415,2015,6,6,2,1,0,0,0,0,1,0
2415,2016,3,3,0,0,0,0,0,0,1,0
2415,2019,3,3,0,0,0,0,0,0,0,0
2420,2010,3,3,0,0,0,0,0,0,2,0
2420,2011,3,3,2,1,0,1,0,0,0,0
2420,2013,3,3,1,1,0,0,0,0,0,0
2420,2014,4,4,1,0,0,0,0,0,1,0
2430,2014,4,3,0,0,0,0,1,0,0,0
2430,2015,5,5,1,1,0,0,0,0,1,0
2432,2006,3,3,2,1,0,0,0,0,1,0
2455,2011,4,3,1,0,0,0,1,0,0,0
2455,2016,4,4,0,0,0,0,0,0,1,0
2466,2015,4,4,0,0,0,0,0,0,0,0
2466,2016,8,8,2,0,0,0,0,0,2,0
2466,2017,11,9,0,0,0,0,1,1,2,0
2466,2018,3,3,1,0,0,0,0,0,0,0
2474,2010,3,3,1,0,0,0,0,0,0,0
2507,2009,3,2,0,0,0,0,1,0,0,0
2509,2015,9,8,3,0,0,1,1,0,3,0
2509,2016,8,7,1,0,0,0,1,0,3,0
2509,2017,12,11,3,1,0,1,1,0,6,0
2515,2015,1,1,0,0,0,0,0,0,0,0
2521,2010,3,3,0,0,0,0,0,0,0,0
2521,2012,7,7,0,0,0,0,0,0,1,0
2521,2013,3,3,1,1,0,0,0,0,1,0
2521,2014,3,2,0,0,0,0,1,0,0,0
2521,2015,3,3,1,0,0,0,0,0,1,0
2525,2009,2,1,0,0,0,0,1,0,0,0
2525,2012,3,3,0,0,0,0,0,0,1,0
2525,2014,1,1,0,0,0,0,0,0,0,0
2528,2014,3,3,0,0,0,0,0,0,1,0
2557,2016,7,6,4,2,0,0,1,0,1,0
2557,2017,3,2,0,0,0,0,1,0,0,0
2565,2019,3,3,3,1,0,0,0,0,0,0
2583,2006,4,2,2,0,0,0,2,0,0,0
2583,2009,3,3,1,1,0,0,0,0,0,0
2600,2012,3,3,0,0,0,0,0,0,1,0
2602,2013,6,6,1,0,0,0,0,0,1,0
2602,2014,12,8,0,0,0,0,4,0,3,0
2629,2010,6,6,0,0,0,0,0,0,4,0
2638,2015,3,2,0,0,0,0,1,0,0,0
2638,2016,6,4,0,0,0,0,2,0,1,0
2638,2017,3,3,0,0,0,0,0,0,2,0
2638,2018,3,2,1,0,0,0,1,0,0,0
2649,2010,5,5,2,0,0,0,0,0,1,0
2649,2011,2,2,1,0,0,0,0,0,0,0
2649,2012,12,12,3,0,0,1,0,0,5,0
2649,2013,7,6,1,0,0,0,1,0,4,0
2655,2019,3,3,0,0,0,0,0,0,2,0
2661,2007,1,1,0,0,0,0,0,0,1,0
2662,2014,3,2,1,0,0,0,1,0,1,0
2662,2016,9,7,3,0,0,3,2,0,2,0
2662,2017,5,3,0,0,0,0,1,0,2,1
2662,2018,8,7,1,1,0,0,1,0,3,0
2669,2013,3,3,1,0,0,0,0,0,1,0
2669,2017,3,3,0,0,0,0,0,0,3,0
2669,2018,3,3,1,1,0,0,0,0,0,0
2675,2015,7,7,1,0,0,0,0,0,2,0
2675,2016,7,7,2,0,0,0,0,0,2,0
2675,2018,2,2,1,0,0,0,0,0,0,0
2692,2018,1,1,0,0,0,0,0,0,1,0
2692,2019,6,6,0,0,0,0,0,0,2,0
2706,2019,2,2,0,0,0,0,0,0,2,0
2710,2013,4,4,2,1,0,1,0,0,1,0
2731,2018,2,2,1,0,0,0,0,0,0,0
2731,2019,2,1,1,0,0,0,0,0,0,0
2740,2015,3,3,1,0,0,1,0,0,0,0
2740,2016,3,3,0,0,0,0,0,0,2,0
2746,2018,3,3,1,0,0,0,0,0,2,0
2746,2019,7,7,1,0,0,0,0,0,3,0
2754,2011,3,2,0,0,0,0,0,0,2,0
2754,2014,2,2,0,0,0,0,0,0,1,0
2773,2006,2,2,0,0,0,0,0,0,1,0
2773,2007,9,7,4,1,0,1,1,0,1,1
2773,2008,6,6,3,0,0,2,0,0,1,0
2810,2008,2,2,0,0,0,0,0,0,1,0
2819,2010,3,3,0,0,0,0,0,0,2,0
2819,2011,3,2,0,0,0,0,1,0,1,0
2819,2012,7,5,1,1,0,0,0,1,1,0
2819,2013,3,3,2,0,0,1,0,0,0,0
2819,2014,7,7,2,0,0,0,0,0,1,0
2819,2015,3,3,0,0,0,0,0,0,2,0
2829,2007,6,5,0,0,0,0,1,0,1,0
2829,2008,6,6,1,0,1,0,0,0,0,0
2829,2010,3,3,1,0,0,0,0,0,1,0
2833,2018,2,1,0,0,0,0,0,0,1,0
2836,2019,3,2,1,0,0,1,1,0,0,0
2839,2009,3,2,0,0,0,0,1,0,1,0
2839,2010,9,9,4,2,0,1,0,0,2,0
2839,2011,6,6,0,0,0,0,0,0,2,0
2839,2012,9,9,1,0,1,0,0,0,3,0
2839,2013,13,12,2,0,0,0,0,0,2,0
2839,2014,12,12,4,3,0,0,0,0,1,0
2839,2015,10,10,1,1,0,0,0,0,2,0
2839,2019,3,3,0,0,0,0,0,0,1,0
2847,2009,1,1,0,0,0,0,0,0,1,0
2847,2012,4,3,0,0,0,0,0,0,2,0
2853,2018,3,3,0,0,0,0,0,0,1,0
2867,2016,3,3,0,0,0,0,0,0,0,0
2867,2018,2,2,0,0,0,0,0,0,0,0
2892,2006,5,5,2,0,1,0,0,0,1,0
2892,2007,13,13,3,1,0,1,0,0,2,0
2892,2008,3,3,0,0,0,0,0,0,1,0
2892,2009,5,4,2,0,0,0,1,0,0,0
2892,2010,10,10,3,1,0,0,0,0,1,0
2892,2011,4,4,0,0,0,0,0,0,1,0
2892,2012,3,2,1,0,0,0,1,0,0,0
2892,2013,3,3,0,0,0,0,0,0,0,0
2896,2017,3,3,1,0,0,0,0,0,1,0
2905,2014,1,0,0,0,0,0,1,0,0,0
2905,2016,1,1,1,0,0,0,0,0,0,0
2905,2018,6,5,0,0,0,0,1,0,2,0
2911,2010,3,3,0,0,0,0,0,0,0,0
2911,2011,2,2,0,0,0,0,0,0,1,0
2911,2012,2,2,1,0,0,0,0,0,0,0
2916,2013,6,6,2,0,0,1,0,0,2,0
2916,2017,2,2,0,0,0,0,0,0,0,0
2916,2019,1,1,0,0,0,0,0,0,0,0
2920,2015,1,1,0,0,0,0,0,0,0,0
2926,2007,1,1,1,0,0,0,0,0,0,0
2926,2008,1,1,0,0,0,0,0,0,0,0
2943,2013,4,4,1,0,0,0,0,0,0,0
2949,2018,1,1,0,0,0,0,0,0,1,0
2955,2012,3,3,1,0,0,0,0,0,0,0
2955,2013,6,5,0,0,0,0,1,0,0,0
2976,2012,3,3,2,0,0,0,0,0,0,0
2978,2018,3,3,0,0,0,0,0,0,2,0
3003,2009,7,7,3,2,0,0,0,0,0,0
3003,2010,3,2,0,0,0,0,1,0,0,0
3003,2012,3,3,0,0,0,0,0,0,2,0
3003,2013,3,3,0,0,0,0,0,0,0,0
3003,2014,3,3,0,0,0,0,0,0,2,0
3015,2010,3,3,1,1,0,0,0,0,2,0
3015,2011,3,1,1,0,0,0,1,1,0,0
3015,2012,3,3,1,0,0,1,0,0,0,0
3024,2012,3,3,1,1,0,0,0,0,1,0
3024,2013,2,2,1,0,0,0,0,0,1,0
3024,2016,6,4,1,0,1,0,2,0,1,0
3024,2017,7,5,1,0,0,0,2,0,1,0
3024,2019,5,4,1,0,0,0,1,0,1,0
3026,2018,9,9,2,0,0,0,0,0,2,0
3044,2008,4,3,1,0,0,1,1,0,1,0
3044,2010,6,4,0,0,0,0,2,0,2,0
3045,2008,4,4,2,0,0,0,0,0,0,0
3045,2009,4,4,1,0,0,0,0,0,1,0
3045,2010,6,5,1,0,0,0,1,0,0,0
3045,2011,3,2,0,0,0,0,1,0,2,0
3069,2012,12,10,1,0,0,0,2,0,6,0
3069,2013,6,3,0,0,0,0,3,0,1,0
3069,2014,3,3,1,0,0,0,0,0,1,0
3078,2015,6,6,3,0,0,0,0,0,1,0
3078,2016,3,3,0,0,0,0,0,0,1,0
3083,2008,6,4,1,1,0,0,2,0,2,0
3083,2009,5,5,1,0,0,0,0,0,1,0
3086,2006,2,2,0,0,0,0,0,0,1,0
3095,2007,3,2,0,0,0,0,1,0,1,0
3095,2008,2,2,0,0,0,0,0,0,2,0
3102,2006,2,1,0,0,0,0,1,0,0,0
3102,2007,4,4,1,1,0,0,0,0,3,0
3102,2008,3,3,0,0,0,0,0,0,2,0
3102,2009,5,4,0,0,0,0,1,0,2,0
3102,2010,9,6,1,0,0,1,2,1,2,0
3102,2013,3,3,1,1,0,0,0,0,1,0
3124,2008,3,3,0,0,0,0,0,0,1,0
3137,2007,8,7,1,0,0,0,1,0,3,0
3142,2014,6,5,1,0,0,0,0,1,0,0
3142,2016,3,2,1,0,0,0,1,0,1,0
3147,2007,4,4,2,1,0,1,0,0,0,0
3160,2006,2,2,0,0,0,0,0,0,0,0
3160,2007,4,3,1,0,0,0,1,0,2,0
3160,2008,3,3,1,1,0,0,0,0,1,0
3167,2013,3,2,0,0,0,0,0,1,0,0
3167,2016,3,3,0,0,0,0,0,0,0,0
3167,2019,1,1,0,0,0,0,0,0,0,0
3175,2006,3,2,0,0,0,0,1,0,0,0
3175,2007,3,2,2,1,0,0,0,0,0,1
3175,2009,3,2,1,0,0,0,0,0,1,0
3175,2010,7,7,0,0,0,0,0,0,1,0
3190,2019,2,2,0,0,0,0,0,0,1,0
3212,2016,11,10,3,0,0,1,1,0,2,0
3222,2009,1,1,0,0,0,0,0,0,0,0
3235,2017,3,2,0,0,0,0,0,1,0,0
3235,2018,2,1,0,0,0,0,1,0,0,0
3247,2011,7,6,1,0,0,0,0,1,2,0
3247,2013,4,4,0,0,0,0,0,0,0,0
3247,2014,3,3,1,0,0,0,0,0,1,0
3253,2008,4,4,0,0,0,0,0,0,0,0
3253,2011,2,2,1,0,0,0,0,0,0,0
3253,2016,3,3,0,0,0,0,0,0,0,0
3261,2011,2,2,1,0,0,0,0,0,0,0
3266,2006,2,1,0,0,0,0,1,0,0,0
3266,2007,3,3,2,0,0,0,0,0,1,0
3266,2008,6,5,0,0,0,0,1,0,1,0
3266,2009,2,2,1,0,0,0,0,0,1,0
3266,2014,3,3,2,0,0,1,0,0,0,0
3266,2017,6,4,0,0,0,0,2,0,2,0
3266,2018,3,3,0,0,0,0,0,0,1,0
3266,2019,3,2,0,0,0,0,1,0,2,0
3267,2006,3,3,0,0,0,0,0,0,2,0
3267,2007,5,5,1,0,0,0,0,0,2,0
3272,2017,2,2,0,0,0,0,0,0,0,0
3272,2018,2,2,1,1,0,0,0,0,1,0
3284,2006,4,3,0,0,0,0,1,0,1,0
3284,2007,6,6,3,0,0,0,0,0,1,0
3286,2012,3,3,0,0,0,0,0,0,3,0
3297,2013,3,2,0,0,0,0,0,0,1,0
3299,2018,7,7,2,0,0,0,0,0,4,0
3299,2019,4,3,1,1,0,0,1,0,1,0
3308,2006,2,2,2,0,0,1,0,0,0,0
3309,2008,1,1,1,0,0,0,0,0,0,0
3309,2010,6,5,1,0,0,0,1,0,1,0
3309,2013,3,2,1,1,0,0,1,0,1,0
3309,2016,7,7,0,0,0,0,0,0,4,0
3309,2017,6,5,0,0,0,0,1,0,0,0
3309,2018,9,9,1,0,0,0,0,0,1,0
3310,2017,7,7,2,0,0,1,0,0,0,0
3315,2007,4,3,0,0,0,0,1,0,0,0
3315,2008,11,8,1,1,0,0,3,0,1,0
3315,2009,6,5,0,0,0,0,1,0,2,0
3315,2010,3,3,1,0,0,0,0,0,0,0
3315,2015,10,10,3,1,0,1,0,0,1,0
3315,2016,9,4,2,0,0,0,5,0,0,0
3315,2017,7,6,2,0,0,0,1,0,0,0
3321,2011,7,7,2,0,0,0,0,0,3,0
3321,2012,13,11,1,1,0,0,2,0,5,0
3321,2014,1,1,0,0,0,0,0,0,0,0
3321,2015,5,4,0,0,0,0,1,0,0,0
3321,2017,5,5,1,0,0,0,0,0,2,0
3343,2007,4,4,0,0,0,0,0,0,1,0
3347,2014,1,1,0,0,0,0,0,0,1,0
3352,2008,4,4,0,0,0,0,0,0,0,0
3352,2009,6,6,1,1,0,0,0,0,2,0
3352,2011,4,4,2,1,0,0,0,0,0,0
3352,2013,3,3,2,0,0,1,0,0,0,0
3352,2014,3,3,0,0,0,0,0,0,1,0
3362,2009,3,3,1,0,0,0,0,0,1,0
3362,2010,3,3,2,1,0,0,0,0,0,0
3362,2011,9,8,2,0,1,0,1,0,1,0
3366,2006,1,1,0,0,0,0,0,0,0,0
3367,2006,6,5,1,1,0,0,0,0,1,0
3367,2007,3,3,1,0,0,0,0,0,0,0
3407,2019,2,2,2,0,0,0,0,0,0,0
3429,2013,3,3,1,0,0,0,0,0,2,0
3441,2007,7,7,1,0,0,0,0,0,1,0
3461,2013,4,3,1,0,0,0,0,0,1,0
3486,2006,2,2,1,0,0,0,0,0,0,0
3491,2007,2,2,0,0,0,0,0,0,1,0
3493,2018,3,3,1,0,0,0,0,0,1,0
3495,2006,3,3,0,0,0,0,0,0,1,0
3495,2007,6,6,1,0,0,0,0,0,2,0
3495,2008,7,6,3,0,0,2,1,0,1,0
3495,2009,2,2,1,0,0,0,0,0,1,0
3495,2010,6,5,2,0,0,0,1,0,0,0
3495,2011,4,4,1,0,0,0,0,0,1,0
3495,2013,3,3,0,0,0,0,0,0,0,0
3498,2012,1,1,0,0,0,0,0,0,1,0
3502,2008,3,3,1,0,0,0,0,0,0,0
3502,2011,2,2,0,0,0,0,0,0,0,0
3509,2009,2,2,0,0,0,0,0,0,0,0
3537,2017,2,1,1,0,0,0,1,0,0,0
3537,2019,2,2,1,0,0,0,0,0,0,0
3546,2015,5,4,0,0,0,0,1,0,1,0
3569,2019,4,4,1,1,0,0,0,0,0,0
3584,2007,8,8,1,0,0,0,0,0,5,0
3584,2008,4,4,0,0,0,0,0,0,2,0
3584,2009,2,2,0,0,0,0,0,0,1,0
3584,2012,3,2,1,0,1,0,1,0,0,0
3587,2013,2,2,0,0,0,0,0,0,0,0
3592,2013,3,3,1,0,0,0,0,0,2,0
3592,2014,6,6,1,0,0,0,0,0,0,0
3592,2015,3,2,0,0,0,0,1,0,0,0
3609,2007,1,1,0,0,0,0,0,0,0,0
3609,2008,1,1,0,0,0,0,0,0,0,0
3609,2011,4,4,0,0,0,0,0,0,1,0
3636,2013,3,3,2,2,0,0,0,0,0,0
3636,2018,3,3,0,0,0,0,0,0,1,0
3636,2019,2,1,0,0,0,0,1,0,0,0
3662,2009,3,3,1,0,0,0,0,0,0,0
3662,2011,7,6,0,0,0,0,1,0,2,0
3662,2012,8,8,2,0,0,0,0,0,3,0
3662,2013,4,4,1,0,0,0,0,0,0,0
3662,2015,4,2,0,0,0,0,2,0,1,0
3662,2019,5,5,1,0,0,0,0,0,2,0
3682,2006,1,1,0,0,0,0,0,0,1,0
3684,2006,5,5,1,0,0,0,0,0,3,0
3684,2007,12,12,3,0,0,0,0,0,3,0
3684,2008,15,14,2,0,0,0,0,0,3,1
3684,2009,10,10,6,1,0,1,0,0,2,0
3684,2010,9,9,2,0,0,1,0,0,2,0
3684,2013,6,6,1,0,0,0,0,0,1,0
3685,2012,3,2,1,0,0,0,0,0,0,1
3685,2014,3,3,1,0,0,0,0,0,1,0
3688,2007,7,7,4,2,0,1,0,0,0,0
3688,2014,6,6,2,0,0,0,0,0,1,0
3692,2019,2,2,0,0,0,0,0,0,1,0
3693,2016,1,1,0,0,0,0,0,0,0,0
3697,2019,2,2,1,0,0,0,0,0,1,0
3705,2018,3,3,0,0,0,0,0,0,2,0
3710,2012,3,3,1,1,0,0,0,0,0,0
3710,2014,6,6,1,0,0,0,0,0,4,0
3710,2015,7,7,2,0,0,0,0,0,1,0
3710,2016,2,2,1,0,0,1,0,0,1,0
3710,2017,3,2,0,0,0,0,0,1,0,0
3710,2018,2,2,0,0,0,0,0,0,2,0
3710,2019,3,3,2,1,0,0,0,0,0,0
3718,2010,4,4,2,1,0,0,0,0,1,0
3718,2011,3,3,0,0,0,0,0,0,2,0
3718,2013,3,2,1,1,0,0,1,0,1,0
3718,2015,4,4,0,0,0,0,0,0,2,0
3718,2016,3,3,2,0,0,0,0,0,1,0
3718,2018,5,5,1,0,0,0,0,0,1,0
3718,2019,3,2,0,0,0,0,1,0,1,0
3719,2011,13,13,3,0,0,1,0,0,4,0
3719,2012,12,10,3,0,0,0,2,0,5,0
3719,2013,10,10,2,0,0,1,0,0,3,0
3719,2014,12,10,2,1,0,0,2,0,3,0
3719,2017,3,3,1,1,0,0,0,0,0,0
3729,2006,3,3,0,0,0,0,0,0,0,0
3729,2007,4,4,1,0,0,0,0,0,1,0
3729,2008,4,4,1,1,0,0,0,0,0,0
3774,2008,3,3,1,0,0,0,0,0,0,0
3794,2009,7,7,1,0,0,0,0,0,2,0
3794,2011,3,3,1,0,0,0,0,0,1,0
3828,2019,6,6,0,0,0,0,0,0,1,0
3830,2019,3,3,0,0,0,0,0,0,2,0
3834,2013,3,2,0,0,0,0,0,0,1,0
3837,2018,2,2,2,0,0,0,0,0,0,0
3841,2017,8,8,0,0,0,0,0,0,3,0
3841,2019,5,4,1,1,0,0,1,0,1,0
3855,2016,3,3,0,0,0,0,0,0,1,0
3855,2018,3,3,2,1,0,0,0,0,1,0
3856,2017,1,1,0,0,0,0,0,0,1,0
3888,2018,3,3,0,0,0,0,0,0,2,0
3888,2019,3,3,2,1,0,0,0,0,0,0
3896,2008,6,5,0,0,0,0,1,0,1,0
3908,2017,2,2,0,0,0,0,0,0,0,0
3911,2009,2,2,0,0,0,0,0,0,0,0
3911,2015,4,4,1,0,0,0,0,0,1,0
3924,2007,2,2,0,0,0,0,0,0,1,0
3924,2009,6,6,2,1,0,0,0,0,1,0
3930,2017,3,3,1,0,0,0,0,0,0,0
3964,2013,3,3,2,0,0,2,0,0,0,0
3964,2014,6,6,1,0,0,0,0,0,2,0
3964,2015,4,4,1,0,0,0,0,0,0,0
3964,2016,10,10,3,0,0,1,0,0,1,0
3964,2017,2,2,2,1,0,0,0,0,0,0
3964,2018,10,9,3,0,0,1,1,0,3,0
3975,2014,5,5,0,0,0,0,0,0,4,0
3983,2018,7,6,2,0,0,0,1,0,1,0
3983,2019,1,1,0,0,0,0,0,0,1,0
3984,2016,3,2,1,0,0,0,1,0,0,0
4006,2008,1,1,1,0,0,0,0,0,0,0
4006,2010,3,2,1,0,0,0,1,0,0,0
4010,2013,3,3,2,1,0,0,0,0,0,0
4012,2006,4,4,0,0,0,0,0,0,3,0
4017,2015,3,3,0,0,0,0,0,0,1,0
4017,2016,2,2,0,0,0,0,0,0,1,0
4053,2006,4,4,0,0,0,0,0,0,0,0
4053,2007,3,3,1,1,0,0,0,0,0,0
4053,2008,7,7,1,0,0,0,0,0,2,0
4053,2009,3,3,1,0,0,0,0,0,0,0
4056,2006,6,5,2,0,0,0,1,0,3,0
4060,2010,3,3,0,0,0,0,0,0,3,0
4060,2013,3,3,0,0,0,0,0,0,0,0
4060,2015,2,2,2,0,0,0,0,0,0,0
4069,2016,3,3,0,0,0,0,0,0,2,0
4069,2017,6,5,0,0,0,0,1,0,0,0
4093,2008,6,6,1,0,0,0,0,0,2,0
4093,2010,8,7,3,0,0,1,1,0,0,0
4113,2014,1,1,0,0,0,0,0,0,0,0
4126,2012,3,3,0,0,0,0,0,0,1,0
4126,2013,6,5,1,1,0,0,1,0,1,0
4126,2019,8,7,1,0,0,0,1,0,1,0
4134,2007,5,5,2,0,0,0,0,0,0,0
4134,2010,1,1,0,0,0,0,0,0,1,0
4134,2011,2,2,0,0,0,0,0,0,0,0
4134,2012,3,3,1,0,0,0,0,0,2,0
4134,2013,3,1,0,0,0,0,0,1,0,1
4134,2014,3,3,1,1,0,0,0,0,0,0
4134,2015,3,3,0,0,0,0,0,0,1,0
4134,2016,6,4,2,0,0,1,2,0,2,0
4134,2018,3,2,0,0,0,0,0,1,0,0
4134,2019,3,3,0,0,0,0,0,0,0,0
4135,2015,1,1,0,0,0,0,0,0,0,0
4136,2009,3,3,1,0,0,1,0,0,1,0
4136,2010,3,2,0,0,0,0,1,0,1,0
4136,2011,3,3,0,0,0,0,0,0,0,0
4136,2015,3,3,1,0,0,0,0,0,2,0
4147,2018,3,2,1,0,0,0,0,1,1,0
4153,2007,4,4,0,0,0,0,0,0,2,0
4153,2009,2,2,0,0,0,0,0,0,0,0
4153,2010,7,6,2,1,0,1,1,0,3,0
4153,2011,13,13,4,0,0,1,0,0,4,0
4154,2006,4,4,2,0,0,1,0,0,1,0
4154,2007,3,2,0,0,0,0,1,0,1,0
4154,2008,7,6,3,0,0,0,0,1,1,0
4154,2009,6,5,0,0,0,0,1,0,3,0
4154,2010,6,5,3,0,0,1,1,0,1,0
4154,2011,2,2,0,0,0,0,0,0,1,0
4154,2012,3,3,0,0,0,0,0,0,1,0
4155,2007,4,3,1,0,0,0,1,0,1,0
4155,2009,2,2,0,0,0,0,0,0,1,0
4156,2008,3,3,0,0,0,0,0,0,2,0
4156,2009,6,5,4,0,1,0,0,1,0,0
4156,2010,3,3,1,0,0,0,0,0,0,0
4156,2011,6,5,0,0,0,0,1,0,0,0
4158,2011,3,3,2,1,0,0,0,0,1,0
4158,2012,7,7,1,0,1,0,0,0,2,0
4158,2013,3,3,1,0,0,0,0,0,0,0
4158,2014,2,2,0,0,0,0,0,0,0,0
4158,2015,6,6,2,0,0,0,0,0,1,0
4163,2012,1,1,0,0,0,0,0,0,1,0
4165,2008,3,3,0,0,0,0,0,0,0,0
4165,2009,1,1,0,0,0,0,0,0,0,0
4170,2013,2,1,0,0,0,0,0,0,1,0
4170,2014,4,4,0,0,0,0,0,0,3,0
4170,2019,2,2,0,0,0,0,0,0,2,0
4175,2006,3,3,0,0,0,0,0,0,0,0
4175,2008,9,8,2,0,0,1,1,0,0,0
4181,2016,9,9,2,1,0,0,0,0,2,0
4181,2017,5,4,2,0,0,0,1,0,0,0
4181,2018,11,10,3,0,0,0,1,0,1,0
4200,2019,1,1,0,0,0,0,0,0,0,0
4208,2018,1,1,1,0,0,0,0,0,0,0
4211,2013,4,3,2,1,0,0,1,0,0,0
4211,2016,6,5,1,0,0,0,1,0,2,0
4211,2017,7,6,0,0,0,0,0,1,1,0
4211,2018,9,6,3,0,0,0,3,0,0,0
4215,2011,3,3,0,0,0,0,0,0,1,0
4215,2012,3,3,0,0,0,0,0,0,2,0
4215,2015,7,6,3,0,0,0,1,0,2,0
4215,2017,3,2,1,0,0,0,1,0,0,0
4215,2019,3,3,2,0,0,0,0,0,0,0
4232,2015,3,3,1,0,0,0,0,0,1,0
4232,2016,2,2,0,0,0,0,0,0,1,0
4233,2013,3,3,1,0,0,0,0,0,0,0
4238,2014,7,5,0,0,0,0,1,1,1,0
4241,2008,4,4,1,0,0,0,0,0,0,0
4256,2007,6,6,1,0,0,0,0,0,2,0
4268,2014,14,11,5,0,0,0,2,0,1,1
4268,2015,4,4,0,0,0,0,0,0,2,0
4274,2013,3,3,0,0,0,0,0,0,1,0
4274,2019,14,10,5,1,0,1,4,0,2,0
4296,2006,1,0,0,0,0,0,1,0,0,0
4314,2006,4,3,0,0,0,0,1,0,0,0
4314,2007,3,3,0,0,0,0,0,0,1,0
4314,2008,3,3,1,0,0,0,0,0,0,0
4317,2013,2,2,0,0,0,0,0,0,1,0
4323,2006,2,2,0,0,0,0,0,0,0,0
4323,2007,6,5,1,0,0,0,1,0,1,0
4331,2010,6,6,1,0,0,0,0,0,0,0
4335,2013,3,2,1,1,0,0,1,0,0,0
4335,2015,3,3,2,1,0,0,0,0,0,0
4335,2016,3,3,1,0,0,0,0,0,0,0
4335,2018,3,3,0,0,0,0,0,0,0,0
4344,2014,2,1,0,0,0,0,1,0,0,0
4346,2016,3,3,0,0,0,0,0,0,1,0
4346,2018,3,3,0,0,0,0,0,0,1,0
4357,2006,3,2,0,0,0,0,1,0,2,0
4357,2008,4,4,1,1,0,0,0,0,0,0
4368,2019,3,3,0,0,0,0,0,0,1,0
4375,2006,1,0,0,0,0,0,1,0,0,0
4379,2016,6,5,2,0,0,0,1,0,1,0
4379,2017,7,7,1,0,0,0,0,0,0,0
4417,2008,3,3,1,0,0,0,0,0,1,0
4426,2006,3,3,2,2,0,0,0,0,1,0
4426,2010,2,2,1,0,0,0,0,0,0,0
4443,2017,5,5,0,0,0,0,0,0,1,0
4443,2018,9,9,1,0,0,0,0,0,3,0
4443,2019,3,3,2,1,0,0,0,0,0,0
4449,2009,2,2,0,0,0,0,0,0,2,0
4452,2007,2,2,1,0,0,0,0,0,0,0
4452,2011,3,3,1,0,0,0,0,0,0,0
4452,2015,6,6,2,1,0,1,0,0,3,0
4452,2016,11,6,1,0,0,1,4,1,2,0
4458,2016,3,3,0,0,0,0,0,0,1,0
4458,2017,6,4,1,0,0,0,1,1,0,0
4458,2018,3,1,0,0,0,0,2,0,0,0
4460,2007,1,1,0,0,0,0,0,0,0,0
4460,2008,7,7,3,0,0,0,0,0,0,0
4460,2009,4,4,0,0,0,0,0,0,2,0
4460,2010,3,3,2,1,0,0,0,0,0,0
4470,2011,3,3,0,0,0,0,0,0,1,0
4470,2012,6,5,2,0,0,0,1,0,0,0
4470,2013,3,3,0,0,0,0,0,0,1,0
4478,2009,3,3,0,0,0,0,0,0,0,0
4478,2012,3,3,1,0,0,0,0,0,1,0
4479,2014,3,3,1,1,0,0,0,0,1,0
4479,2015,4,4,2,0,0,0,0,0,1,0
4479,2016,3,3,1,0,0,0,0,0,1,0
4479,2018,3,3,0,0,0,0,0,0,0,0
4479,2019,4,3,0,0,0,0,1,0,0,0
4506,2008,4,4,1,1,0,0,0,0,1,0
4506,2009,6,6,1,0,0,1,0,0,0,0
4506,2010,4,4,0,0,0,0,0,0,0,0
4506,2011,7,6,0,0,0,0,1,0,0,0
4506,2012,3,2,0,0,0,0,0,0,0,1
4506,2013,3,3,1,0,0,0,0,0,0,0
4508,2008,7,7,2,1,0,1,0,0,2,0
4508,2009,3,3,2,1,0,1,0,0,0,0
4508,2010,6,6,2,0,0,1,0,0,0,0
4508,2011,5,4,2,2,0,0,1,0,2,0
4508,2012,12,10,4,1,0,2,1,1,2,0
4508,2013,8,8,3,0,0,0,0,0,4,0
4508,2014,12,10,3,0,0,0,1,0,3,1
4518,2006,3,3,1,0,0,0,0,0,0,0
4518,2007,6,6,1,0,0,0,0,0,3,0
4518,2008,6,6,1,0,0,0,0,0,2,0
4518,2009,1,1,0,0,0,0,0,0,0,0
4518,2010,3,3,0,0,0,0,0,0,1,0
4531,2006,2,2,1,1,0,0,0,0,0,0
4531,2007,3,3,1,0,0,0,0,0,0,0
4534,2011,3,3,0,0,0,0,0,0,1,0
4545,2014,7,7,0,0,0,0,0,0,2,0
4545,2015,6,5,1,0,0,0,1,0,1,0
4545,2016,3,3,1,0,0,0,0,0,1,0
4545,2018,7,6,3,1,0,0,1,0,1,0
4553,2007,3,2,0,0,0,0,1,0,1,0
4553,2008,3,2,0,0,0,0,1,0,1,0
4564,2008,3,3,1,0,0,0,0,0,1,0
4570,2008,6,5,0,0,0,0,0,0,3,0
4579,2013,2,2,0,0,0,0,0,0,2,0
4590,2017,9,8,4,1,0,2,1,0,1,0
4590,2019,3,2,0,0,0,0,1,0,0,0
4591,2009,1,1,0,0,0,0,0,0,0,0
4591,2011,5,3,1,0,0,0,2,0,0,0
4591,2012,3,1,0,0,0,0,2,0,0,0
4591,2015,2,1,1,0,0,0,1,0,0,0
4598,2007,2,2,0,0,0,0,0,0,1,0
4610,2011,3,3,0,0,0,0,0,0,1,0
4611,2012,2,2,0,0,0,0,0,0,2,0
4611,2014,1,1,0,0,0,0,0,0,1,0
4616,2007,6,6,2,1,0,1,0,0,1,0
4616,2008,6,5,2,1,0,0,1,0,1,0
4616,2009,1,1,0,0,0,0,0,0,1,0
4616,2016,6,5,1,0,0,0,1,0,0,0
4620,2009,2,2,1,0,0,0,0,0,0,0
4620,2015,3,1,0,0,0,0,0,0,0,0
4633,2006,6,5,0,0,0,0,1,0,1,0
4634,2012,15,13,5,1,0,0,1,1,1,0
4634,2013,13,12,3,0,0,0,1,0,3,0
4634,2015,9,6,0,0,0,0,3,0,2,0
4634,2018,6,3,0,0,0,0,3,0,2,0
4634,2019,5,4,2,0,0,1,1,0,0,0
4639,2006,2,2,1,1,0,0,0,0,0,0
4639,2010,1,1,0,0,0,0,0,0,1,0
4659,2011,3,3,0,0,0,0,0,0,0,0
4659,2015,7,6,2,0,0,0,0,1,3,0
4659,2016,3,2,1,0,0,0,0,1,0,0
4659,2018,2,2,0,0,0,0,0,0,0,0
4677,2007,1,1,0,0,0,0,0,0,1,0
4677,2008,6,5,0,0,0,0,1,0,3,0
4677,2011,3,2,0,0,0,0,1,0,2,0
4682,2006,1,1,0,0,0,0,0,0,0,0
4682,2007,6,6,0,0,0,0,0,0,4,0
4682,2008,6,6,1,0,0,0,0,0,2,0
4682,2009,2,2,2,0,0,0,0,0,0,0
4682,2010,6,6,2,0,0,1,0,0,1,0
4682,2011,4,4,1,0,0,1,0,0,0,0
4682,2012,3,3,1,0,0,0,0,0,1,0
4682,2015,6,5,0,0,0,0,0,1,5,0
4705,2012,2,2,0,0,0,0,0,0,2,0
4705,2015,2,2,0,0,0,0,0,0,2,0
4705,2018,2,2,0,0,0,0,0,0,1,0
4706,2019,2,2,1,0,0,0,0,0,1,0
4723,2008,1,1,0,0,0,0,0,0,0,0
4733,2009,2,2,1,1,0,0,0,0,0,0
4735,2011,4,3,0,0,0,0,0,0,1,0
4735,2012,3,3,0,0,0,0,0,0,1,0
4746,2020,1,1,1,1,0,0,0,0,0,0
4752,2008,3,3,1,0,0,0,0,0,1,0
4752,2009,6,6,2,1,0,0,0,0,1,0
4752,2010,6,6,0,0,0,0,0,0,1,0
4752,2011,4,4,1,0,0,0,0,0,1,0
4752,2012,3,3,1,0,0,0,0,0,1,0
4752,2013,3,3,1,1,0,0,0,0,1,0
4752,2014,3,3,1,0,0,0,0,0,2,0
4752,2015,3,3,1,1,0,0,0,0,0,0
4752,2016,3,3,2,0,0,0,0,0,0,0
4756,2016,6,6,3,2,0,0,0,0,2,0
4756,2017,5,5,2,1,0,0,0,0,1,0
4756,2019,3,3,1,1,0,0,0,0,2,0
4774,2013,14,13,5,0,2,0,1,0,3,0
4774,2014,9,9,3,0,0,0,0,0,1,0
4774,2015,7,7,3,1,0,0,0,0,0,0
4774,2018,5,4,1,0,0,0,0,0,0,1
4774,2019,1,1,0,0,0,0,0,0,1,0
4775,2015,3,3,0,0,0,0,0,0,0,0
4775,2018,2,2,1,0,0,0,0,0,1,0
4775,2019,2,1,0,0,0,0,1,0,1,0
4781,2013,3,2,0,0,0,0,0,0,1,0
4795,2010,1,1,0,0,0,0,0,0,0,0
4795,2014,1,1,0,0,0,0,0,0,0,0
4806,2006,8,6,3,1,0,0,1,0,1,1
4806,2008,12,12,3,1,0,0,0,0,5,0
4806,2009,4,4,0,0,0,0,0,0,0,0
4806,2010,6,4,1,0,0,0,1,1,2,0
4806,2011,6,5,0,0,0,0,1,0,1,0
4808,2009,3,3,1,0,0,0,0,0,0,0
4808,2011,3,3,1,1,0,0,0,0,1,0
4808,2012,4,2,0,0,0,0,2,0,1,0
4853,2006,1,1,0,0,0,0,0,0,0,0
4864,2016,4,3,0,0,0,0,1,0,1,0
4864,2017,11,10,2,0,0,0,0,1,4,0
4872,2006,3,3,0,0,0,0,0,0,1,0
4872,2007,3,3,0,0,0,0,0,0,2,0
4872,2008,13,13,4,0,0,1,0,0,1,0
4873,2018,3,2,0,0,0,0,0,1,2,0
4877,2008,4,4,1,0,0,0,0,0,0,0
4877,2009,6,6,1,0,0,0,0,0,2,0
4883,2019,4,4,3,1,0,0,0,0,1,0
4885,2009,2,2,0,0,0,0,0,0,0,0
4885,2011,1,1,0,0,0,0,0,0,0,0
4891,2014,3,2,0,0,0,0,1,0,1,0
4891,2018,3,3,1,0,0,0,0,0,0,0
4891,2019,3,1,0,0,0,0,2,0,0,0
4898,2012,3,3,0,0,0,0,0,0,2,0
4910,2010,1,1,0,0,0,0,0,0,0,0
4910,2011,4,4,1,0,0,0,0,0,0,0
4921,2006,3,2,1,0,0,1,0,1,0,0
4921,2009,5,4,2,1,0,0,0,0,0,1
4921,2012,3,3,0,0,0,0,0,0,2,0
4935,2009,1,1,0,0,0,0,0,0,0,0
4936,2015,3,2,1,1,0,0,1,0,0,0
4936,2018,4,3,0,0,0,0,0,1,0,0
4937,2012,3,2,0,0,0,0,1,0,0,0
4942,2012,1,1,0,0,0,0,0,0,0,0
4942,2015,1,1,0,0,0,0,0,0,1,0
4950,2018,6,6,3,0,0,0,0,0,1,0
4950,2019,2,2,0,0,0,0,0,0,1,0
4963,2010,6,5,1,0,1,0,1,0,2,0
4969,2010,5,4,1,0,0,0,1,0,1,0
4969,2011,9,9,2,1,0,0,0,0,2,0
4969,2012,9,8,2,2,0,0,1,0,4,0
4969,2013,7,6,2,1,0,0,1,0,1,0
4969,2014,9,5,0,0,0,0,3,1,0,0
4969,2016,3,3,0,0,0,0,0,0,1,0
4974,2016,3,3,0,0,0,0,0,0,2,0
4974,2018,4,4,1,0,0,0,0,0,1,0
4976,2011,1,1,0,0,0,0,0,0,1,0
4978,2015,3,3,0,0,0,0,0,0,3,0
4978,2017,3,3,1,0,0,0,0,0,2,0
4978,2018,1,1,1,0,0,0,0,0,0,0
4997,2009,6,6,1,1,0,0,0,0,1,0
4997,2010,2,2,1,0,0,1,0,0,0,0
4997,2012,3,3,1,0,0,0,0,0,0,0
4997,2013,3,2,1,1,0,0,1,0,0,0
5013,2013,2,2,0,0,0,0,0,0,0,0
5016,2007,2,2,0,0,0,0,0,0,1,0
5019,2006,2,2,0,0,0,0,0,0,2,0
5019,2007,2,2,0,0,0,0,0,0,0,0
5042,2006,2,2,0,0,0,0,0,0,1,0
5046,2019,2,2,0,0,0,0,0,0,1,0
5073,2009,1,1,0,0,0,0,0,0,0,0
5074,2010,2,2,1,0,0,0,0,0,0,0
5082,2015,3,3,2,1,0,1,0,0,1,0
5092,2006,2,2,1,0,0,0,0,0,1,0
5101,2010,7,7,2,0,0,0,0,0,3,0
5101,2013,3,2,0,0,0,0,1,0,1,0
5101,2014,4,3,1,1,0,0,1,0,1,0
5101,2015,3,1,1,0,0,0,2,0,0,0
5101,2016,3,3,0,0,0,0,0,0,2,0
5114,2008,2,2,1,1,0,0,0,0,1,0
5143,2007,1,1,0,0,0,0,0,0,0,0
5143,2008,3,3,1,0,0,0,0,0,0,0
5159,2019,5,2,2,0,0,0,2,0,0,1
5161,2016,7,7,0,0,0,0,0,0,2,0
5161,2017,6,6,0,0,0,0,0,0,1,0
5225,2008,3,2,0,0,0,0,1,0,1,0
5241,2006,2,2,1,1,0,0,0,0,0,0
5241,2008,4,4,1,0,0,0,0,0,0,0
5241,2009,6,6,0,0,0,0,0,0,4,0
5241,2010,4,4,1,0,0,0,0,0,1,0
5241,2011,4,4,1,0,0,0,0,0,2,0
5241,2012,4,3,2,0,0,0,1,0,0,0
5243,2006,4,3,0,0,0,0,0,0,2,0
5243,2007,2,2,0,0,0,0,0,0,2,0
5243,2011,1,1,0,0,0,0,0,0,0,0
5243,2013,2,2,0,0,0,0,0,0,1,0
5243,2014,2,1,0,0,0,0,0,0,0,0
5244,2006,4,4,1,0,0,1,0,0,2,0
5244,2010,3,3,0,0,0,0,0,0,3,0
5244,2011,7,7,1,1,0,0,0,0,0,0
5277,2009,3,2,1,0,0,1,1,0,0,0
5277,2011,3,3,0,0,0,0,0,0,1,0
5277,2012,6,6,0,0,0,0,0,0,1,0
5277,2015,6,6,1,0,0,0,0,0,1,0
5277,2016,2,2,0,0,0,0,0,0,0,0
5292,2008,3,3,1,0,0,0,0,0,1,0
5312,2014,3,3,2,0,0,0,0,0,1,0
5322,2009,2,2,0,0,0,0,0,0,1,0
5322,2011,5,5,0,0,0,0,0,0,1,0
5322,2016,6,3,2,0,0,0,2,1,0,0
5322,2019,1,1,1,0,0,0,0,0,0,0
5328,2015,3,2,1,0,0,0,1,0,0,0
5328,2016,2,2,0,0,0,0,0,0,1,0
5328,2017,3,3,0,0,0,0,0,0,0,0
5328,2018,1,1,1,0,0,0,0,0,0,0
5328,2019,3,3,1,0,0,0,0,0,0,0
5328,2020,2,2,1,0,0,0,0,0,0,0
5332,2007,4,4,0,0,0,0,0,0,1,0
5332,2008,3,3,0,0,0,0,0,0,1,0
5336,2017,3,3,2,0,0,0,0,0,0,0
5340,2008,16,16,5,1,0,0,0,0,1,0
5340,2009,3,3,0,0,0,0,0,0,0,0
5340,2010,12,12,5,1,0,0,0,0,3,0
5340,2011,14,14,2,1,0,0,0,0,1,0
5340,2012,8,7,2,0,0,1,0,0,0,0
5341,2013,4,4,1,1,0,0,0,0,1,0
5353,2019,2,2,1,0,0,0,0,0,1,0
5368,2007,1,1,1,0,0,0,0,0,0,0
5368,2008,5,4,1,0,0,0,1,0,0,0
5371,2013,4,4,1,1,0,0,0,0,2,0
5371,2014,3,3,1,0,0,0,0,0,1,0
5371,2015,6,5,1,0,0,0,1,0,3,0
5371,2016,3,3,1,0,0,0,0,0,1,0
5371,2017,2,2,0,0,0,0,0,0,0,0
5371,2018,3,0,0,0,0,0,3,0,0,0
5378,2006,3,2,1,0,0,0,0,0,0,1
5378,2008,4,4,1,1,0,0,0,0,1,0
5378,2011,4,4,0,0,0,0,0,0,1,0
5384,2012,2,2,0,0,0,0,0,0,2,0
5409,2008,2,2,0,0,0,0,0,0,0,0
5420,2007,2,2,0,0,0,0,0,0,1,0
5420,2008,1,1,0,0,0,0,0,0,1,0
5434,2008,3,3,1,1,0,0,0,0,0,0
5434,2010,4,4,2,0,0,0,0,0,1,0
5434,2011,3,3,0,0,0,0,0,0,0,0
5434,2012,8,5,0,0,0,0,3,0,1,0
5434,2015,3,3,1,1,0,0,0,0,0,0
5436,2015,2,2,0,0,0,0,0,0,2,0
5455,2011,3,3,1,0,0,0,0,0,2,0
5455,2013,3,2,0,0,0,0,0,0,2,0
5455,2015,3,2,0,0,0,0,1,0,1,0
5455,2018,7,6,3,0,0,0,1,0,0,0
5474,2006,3,3,0,0,0,0,0,0,1,0
5491,2006,4,4,2,0,0,0,0,0,0,0
5491,2009,3,3,2,0,0,0,0,0,1,0
5496,2006,1,1,1,0,0,1,0,0,0,0
5498,2007,8,7,2,1,0,0,1,0,3,0
5500,2019,3,2,1,0,0,0,1,0,0,0
5526,2007,4,4,2,0,0,0,0,0,1,0
5536,2010,3,3,2,0,0,0,0,0,1,0
5536,2011,3,3,0,0,0,0,0,0,1,0
5536,2013,9,9,3,1,0,0,0,0,4,0
5536,2014,12,11,3,1,0,0,0,1,5,0
5536,2015,3,2,1,0,0,0,0,1,0,0
5548,2012,2,1,0,0,0,0,1,0,0,0
5562,2008,2,2,0,0,0,0,0,0,2,0
5568,2007,13,11,1,1,0,0,2,0,2,0
5568,2008,7,6,2,0,0,0,0,0,1,0
5568,2010,6,6,1,0,0,1,0,0,3,0
5568,2011,3,3,0,0,0,0,0,0,1,0
5582,2006,8,7,3,3,0,0,1,0,2,0
5582,2008,4,4,0,0,0,0,0,0,1,0
5582,2009,8,7,1,0,0,0,1,0,2,0
5591,2008,6,6,0,0,0,0,0,0,3,0
5591,2012,6,6,2,1,0,0,0,0,0,0
5591,2015,3,3,0,0,0,0,0,0,1,0
5592,2011,3,3,1,1,0,0,0,0,1,0
5592,2012,3,3,1,0,0,0,0,0,1,0
5609,2006,3,3,1,0,0,0,0,0,1,0
5609,2007,12,10,3,0,0,1,2,0,2,0
5610,2009,3,3,2,0,0,0,0,0,1,0
5610,2015,3,3,0,0,0,0,0,0,2,0
5610,2016,7,7,0,0,0,0,0,0,3,0
5610,2017,3,3,1,0,0,1,0,0,0,0
5610,2018,3,3,1,1,0,0,0,0,0,0
5619,2007,10,9,3,1,0,2,1,0,1,0
5619,2008,7,6,2,2,0,0,1,0,1,0
5619,2009,9,7,4,1,0,0,2,0,0,0
5619,2010,4,2,0,0,0,0,2,0,1,0
5619,2011,11,10,1,0,0,0,1,0,4,0
5619,2012,9,9,3,2,0,0,0,0,1,0
5629,2009,7,7,2,0,0,1,0,0,2,0
5629,2010,3,3,0,0,0,0,0,0,2,0
5640,2018,1,1,0,0,0,0,0,0,0,0
5676,2013,2,1,0,0,0,0,0,0,0,0
5682,2015,3,3,0,0,0,0,0,0,1,0
5682,2018,2,2,0,0,0,0,0,0,1,0
5693,2017,2,2,1,0,0,0,0,0,0,0
5698,2018,3,2,0,0,0,0,0,1,2,0
5706,2015,2,1,0,0,0,0,0,0,0,0
5712,2008,2,1,0,0,0,0,1,0,1,0
5712,2009,2,2,1,0,0,0,0,0,1,0
5712,2010,3,3,0,0,0,0,0,0,3,0
5712,2011,2,2,0,0,0,0,0,0,1,0
5730,2015,3,2,0,0,0,0,1,0,2,0
5730,2016,3,3,1,0,0,1,0,0,1,0
5731,2008,4,4,1,0,0,0,0,0,1,0
5743,2011,2,1,0,0,0,0,0,0,1,0
5752,2009,2,2,0,0,0,0,0,0,0,0
5752,2010,2,1,0,0,0,0,1,0,0,0
5761,2006,8,7,0,0,0,0,1,0,0,0
5761,2007,14,12,6,2,0,0,2,0,3,0
5761,2008,4,3,0,0,0,0,1,0,0,0
5761,2009,5,3,1,0,0,0,2,0,1,0
5761,2012,6,6,1,0,0,0,0,0,3,0
5761,2013,3,3,0,0,0,0,0,0,1,0
5807,2008,6,6,2,1,0,0,0,0,3,0
5807,2009,6,6,2,0,0,0,0,0,2,0
5807,2011,3,3,1,0,0,0,0,0,1,0
5807,2014,3,3,2,2,0,0,0,0,0,0
5807,2015,3,2,0,0,0,0,1,0,0,0
5807,2017,3,3,1,0,0,0,0,0,2,0
5807,2018,2,2,1,0,0,0,0,0,1,0
5810,2017,2,1,0,0,0,0,1,0,1,0
5810,2018,3,3,0,0,0,0,0,0,0,0
5813,2008,3,3,0,0,0,0,0,0,0,0
5813,2019,3,3,1,0,0,0,0,0,1,0
5814,2007,3,2,0,0,0,0,1,0,1,0
5814,2008,6,6,2,1,0,0,0,0,1,0
5816,2008,3,3,0,0,0,0,0,0,1,0
5816,2010,5,4,0,0,0,0,1,0,1,0
5816,2011,1,1,1,0,0,0,0,0,0,0
5819,2015,2,2,0,0,0,0,0,0,2,0
5827,2008,6,6,0,0,0,0,0,0,3,0
5834,2016,6,4,1,0,0,0,2,0,1,0
5834,2017,3,3,0,0,0,0,0,0,1,0
5836,2008,3,2,1,0,0,0,1,0,0,0
5836,2009,3,3,2,0,0,0,0,0,0,0
5836,2011,7,7,3,1,0,0,0,0,1,0
5836,2012,3,3,1,0,0,0,0,0,1,0
5836,2013,3,3,1,0,0,0,0,0,0,0
5845,2008,4,4,1,0,0,0,0,0,2,0
5845,2009,1,1,1,0,0,0,0,0,0,0
5858,2018,2,2,0,0,0,0,0,0,1,0
5866,2016,1,1,0,0,0,0,0,0,0,0
5903,2019,4,4,1,1,0,0,0,0,1,0
5910,2008,3,3,2,0,0,0,0,0,0,0
5910,2015,6,6,1,0,0,0,0,0,1,0
5910,2016,7,7,2,1,0,0,0,0,1,0
5910,2017,4,2,2,0,0,1,2,0,0,0
5910,2018,4,4,2,0,0,1,0,0,0,0
5913,2013,3,3,2,2,0,0,0,0,0,0
5913,2016,7,6,1,1,0,0,1,0,2,0
5913,2017,3,2,0,0,0,0,1,0,0,0
5913,2018,3,3,1,1,0,0,0,0,2,0
5931,2018,3,2,2,0,2,0,0,1,0,0
5940,2007,1,1,0,0,0,0,0,0,0,0
5953,2013,2,2,0,0,0,0,0,0,1,0
5968,2019,2,2,0,0,0,0,0,0,0,0
5990,2014,4,4,0,0,0,0,0,0,0,0
6008,2007,4,4,1,0,0,1,0,0,1,0
6030,2008,9,9,4,0,0,3,0,0,1,0
6030,2009,4,3,0,0,0,0,1,0,0,0
6030,2013,3,3,0,0,0,0,0,0,1,0
6031,2008,4,4,1,0,0,0,0,0,0,0
6034,2007,2,2,0,0,0,0,0,0,0,0
6034,2008,7,7,1,0,0,0,0,0,1,0
6034,2009,6,6,1,0,0,0,0,0,1,0
6038,2013,3,2,0,0,0,0,0,0,0,1
6046,2014,3,3,1,0,0,0,0,0,0,0
6046,2018,2,2,0,0,0,0,0,0,0,0
6080,2012,3,3,1,0,0,0,0,0,1,0
6080,2013,1,1,0,0,0,0,0,0,0,0
6099,2011,2,2,0,0,0,0,0,0,1,0
6118,2010,2,1,0,0,0,0,0,0,0,0
6118,2015,2,2,0,0,0,0,0,0,1,0
6118,2016,2,2,0,0,0,0,0,0,0,0
6131,2013,15,13,5,3,0,0,2,0,3,0
6131,2014,13,12,6,1,0,0,0,1,2,0
6131,2015,3,3,0,0,0,0,0,0,1,0
6131,2019,3,3,1,1,0,0,0,0,1,0
6138,2012,1,1,0,0,0,0,0,0,0,0
6139,2013,6,6,1,1,0,0,0,0,1,0
6139,2014,3,3,0,0,0,0,0,0,0,0
6140,2013,3,3,2,0,0,0,0,0,0,0
6175,2006,6,5,0,0,0,0,1,0,2,0
6175,2007,3,3,1,0,0,1,0,0,0,0
6183,2006,2,1,0,0,0,0,1,0,0,0
6190,2008,2,1,0,0,0,0,0,0,1,0
6190,2009,2,2,1,0,0,0,0,0,0,0
6190,2010,1,1,0,0,0,0,0,0,1,0
6208,2006,3,3,2,0,0,2,0,0,0,0
6208,2009,5,4,0,0,0,0,1,0,2,0
6208,2010,6,5,2,1,0,1,0,1,2,0
6208,2011,4,4,0,0,0,0,0,0,1,0
6208,2012,9,9,4,0,0,1,0,0,2,0
6208,2013,9,9,2,0,0,0,0,0,1,0
6208,2014,9,8,2,0,0,2,1,0,3,0
6209,2009,7,7,1,1,0,0,0,0,2,0
6209,2010,3,3,1,0,0,0,0,0,1,0
6225,2014,9,9,2,1,0,0,0,0,1,0
6225,2016,1,1,0,0,0,0,0,0,0,0
6225,2019,1,1,0,0,0,0,0,0,0,0
6249,2015,3,2,1,0,0,0,1,0,0,0
6249,2016,3,3,1,0,0,1,0,0,2,0
6273,2015,6,6,2,0,0,0,0,0,4,0
6279,2010,2,1,0,0,0,0,1,0,1,0
6284,2006,1,1,0,0,0,0,0,0,1,0
6290,2006,3,2,0,0,0,0,0,0,1,1
6290,2007,7,7,1,0,0,0,0,0,0,0
6290,2008,2,2,1,0,0,1,0,0,0,0
6290,2009,6,6,2,0,0,0,0,0,1,0
6290,2010,3,3,1,0,0,1,0,0,0,0
6290,2011,3,3,1,0,0,0,0,0,0,0
6290,2012,7,6,1,0,0,0,1,0,1,0
6296,2007,6,6,0,0,0,0,0,0,1,0
6296,2008,6,5,3,1,0,0,1,0,0,0
6296,2010,7,6,3,0,0,0,1,0,2,0
6298,2016,9,9,4,1,0,0,0,0,4,0
6339,2012,3,3,1,0,0,0,0,0,0,0
6339,2013,3,2,0,0,0,0,1,0,0,0
6339,2014,3,3,1,0,0,0,0,0,0,0
6339,2015,7,7,1,0,0,0,0,0,1,0
6339,2016,3,3,0,0,0,0,0,0,1,0
6365,2012,3,3,2,1,0,0,0,0,1,0
6378,2011,1,1,0,0,0,0,0,0,1,0
6388,2008,4,4,1,0,0,0,0,0,3,0
6388,2010,3,2,2,0,0,0,1,0,0,0
6388,2011,3,3,0,0,0,0,0,0,1,0
6420,2008,3,3,0,0,0,0,0,0,1,0
6423,2007,1,1,0,0,0,0,0,0,1,0
6423,2008,1,0,0,0,0,0,0,0,0,0
6431,2007,2,2,0,0,0,0,0,0,1,0
6431,2008,2,1,0,0,0,0,0,0,1,0
6431,2010,3,2,0,0,0,0,0,0,2,0
6432,2009,6,6,3,0,0,1,0,0,0,0
6432,2010,2,2,0,0,0,0,0,0,1,0
6432,2016,3,3,0,0,0,0,0,0,2,0
6436,2016,7,7,1,0,0,0,0,0,0,0
6436,2017,6,5,2,0,0,1,1,0,1,0
6436,2018,3,3,1,0,0,0,0,0,1,0
6448,2007,3,2,1,0,0,0,1,0,1,0
6461,2015,3,2,0,0,0,0,0,0,1,0
6464,2014,3,3,0,0,0,0,0,0,3,0
6494,2014,6,6,2,0,0,0,0,0,1,0
6502,2013,2,2,0,0,0,0,0,0,0,0
6510,2006,3,3,0,0,0,0,0,0,0,0
6510,2007,9,8,2,0,0,1,1,0,0,0
6510,2008,3,3,0,0,0,0,0,0,0,0
6520,2006,3,3,2,0,0,0,0,0,1,0
6520,2007,9,9,3,0,0,0,0,0,3,0
6522,2008,2,2,0,0,0,0,0,0,1,0
6535,2012,8,8,0,0,0,0,0,0,1,0
6535,2013,4,4,1,1,0,0,0,0,0,0
6538,2008,6,6,1,1,0,0,0,0,1,0
6538,2009,6,6,2,0,0,1,0,0,1,0
6538,2011,1,1,0,0,0,0,0,0,0,0
6538,2012,3,3,2,0,0,0,0,0,0,0
6542,2016,3,3,0,0,0,0,0,0,1,0
6542,2019,3,2,1,0,0,0,1,0,1,0
6565,2006,13,13,2,1,0,0,0,0,5,0
6565,2007,6,5,1,0,0,0,1,0,0,0
6565,2008,3,2,0,0,0,0,1,0,2,0
6568,2006,3,3,0,0,0,0,0,0,3,0
6570,2011,6,6,1,0,0,0,0,0,0,0
6586,2010,3,3,0,0,0,0,0,0,2,0
6594,2007,3,3,1,0,0,0,0,0,0,0
6594,2009,1,1,0,0,0,0,0,0,0,0
6595,2019,2,1,0,0,0,0,1,0,1,0
6612,2011,4,3,1,0,0,0,0,0,1,0
6616,2008,3,3,0,0,0,0,0,0,0,0
6616,2010,3,3,0,0,0,0,0,0,1,0
6623,2012,3,3,0,0,0,0,0,0,1,0
6623,2015,2,1,0,0,0,0,0,1,1,0
6623,2017,5,4,2,2,0,0,1,0,1,0
6623,2018,9,8,0,0,0,0,1,0,5,0
6624,2007,2,2,0,0,0,0,0,0,1,0
6629,2013,6,5,1,1,0,0,1,0,0,0
6629,2014,15,15,8,3,0,0,0,0,3,0
6636,2010,2,2,1,0,0,0,0,0,1,0
6636,2011,3,2,0,0,0,0,1,0,1,0
6636,2012,4,4,2,0,0,0,0,0,0,0
6636,2013,3,3,3,1,0,1,0,0,0,0
6636,2014,3,2,0,0,0,0,1,0,1,0
6636,2015,3,2,0,0,0,0,1,0,2,0
6636,2018,7,6,2,1,0,1,1,0,1,0
6636,2019,3,3,1,0,0,0,0,0,1,0
6639,2007,2,2,0,0,0,0,0,0,0,0
6639,2008,6,6,4,0,0,2,0,0,1,0
6639,2010,7,5,1,0,0,0,2,0,0,0
6639,2011,6,5,0,0,0,0,1,0,2,0
6639,2012,3,2,1,0,0,0,1,0,0,0
6639,2014,6,6,1,1,0,0,0,0,1,0
6640,2011,2,2,0,0,0,0,0,0,1,0
6648,2006,3,3,2,0,0,2,0,0,0,0
6648,2008,3,2,1,1,0,0,1,0,0,0
6648,2011,3,3,0,0,0,0,0,0,1,0
6660,2010,2,2,0,0,0,0,0,0,1,0
6666,2018,6,6,0,0,0,0,0,0,3,0
6676,2015,2,2,0,0,0,0,0,0,1,0
6704,2015,3,3,1,1,0,0,0,0,2,0
6704,2016,3,2,1,0,0,0,1,0,1,0
6709,2015,4,2,0,0,0,0,2,0,1,0
6709,2016,6,6,1,1,0,0,0,0,0,0
6709,2017,3,3,0,0,0,0,0,0,0,0
6709,2018,3,3,0,0,0,0,0,0,0,0
6709,2019,3,2,0,0,0,0,1,0,0,0
6735,2008,2,2,0,0,0,0,0,0,0,0
6751,2018,1,1,0,0,0,0,0,0,1,0
6778,2009,2,2,0,0,0,0,0,0,1,0
6778,2012,1,1,0,0,0,0,0,0,1,0
6778,2013,2,1,0,0,0,0,0,0,1,0
6779,2016,3,3,0,0,0,0,0,0,0,0
6779,2017,4,3,1,0,0,1,1,0,0,0
6779,2018,2,2,1,1,0,0,0,0,1,0
6781,2018,3,3,1,1,0,0,0,0,0,0
6782,2007,6,6,1,0,0,0,0,0,2,0
6796,2014,1,1,0,0,0,0,0,0,1,0
6796,2016,3,3,2,0,0,0,0,0,0,0
6796,2017,14,13,2,0,0,0,0,1,2,0
6796,2018,3,3,0,0,0,0,0,0,1,0
6807,2010,2,1,1,0,0,0,0,0,0,0
6807,2011,1,1,0,0,0,0,0,0,0,0
6811,2017,3,2,0,0,0,0,0,1,1,0
6811,2018,2,1,0,0,0,0,0,1,1,0
6830,2010,1,1,0,0,0,0,0,0,1,0
6844,2010,3,3,0,0,0,0,0,0,1,0
6852,2018,3,3,1,0,0,1,0,0,0,0
6852,2019,3,3,2,0,0,1,0,0,1,0
6855,2014,3,3,1,0,0,0,0,0,1,0
6855,2015,3,3,1,1,0,0,0,0,1,0
6855,2016,6,4,1,1,0,0,2,0,2,0
6855,2017,3,3,0,0,0,0,0,0,1,0
6855,2018,9,9,1,0,0,1,0,0,3,0
6855,2019,2,1,0,0,0,0,1,0,0,0
6864,2006,3,3,1,0,0,0,0,0,0,0
6864,2015,3,3,0,0,0,0,0,0,0,0
6864,2017,3,2,0,0,0,0,1,0,0,0
6870,2007,2,2,1,0,0,0,0,0,0,0
6876,2006,2,2,0,0,0,0,0,0,2,0
6876,2009,2,1,1,0,0,0,0,0,0,0
6876,2010,4,4,1,1,0,0,0,0,1,0
6913,2011,1,1,1,1,0,0,0,0,0,0
6938,2011,3,3,1,1,0,0,0,0,1,0
6938,2015,6,5,2,0,0,1,1,0,0,0
6938,2016,4,4,1,0,0,0,0,0,2,0
6938,2018,3,3,1,0,0,0,0,0,1,0
6939,2015,3,3,1,0,0,0,0,0,1,0
6939,2016,3,2,1,0,0,0,1,0,0,0
6939,2017,6,6,1,0,0,1,0,0,0,0
6939,2018,3,3,0,0,0,0,0,0,2,0
6940,2018,3,2,0,0,0,0,1,0,0,0
6940,2019,4,3,1,0,0,0,1,0,0,0
6948,2015,15,14,4,2,0,0,1,0,2,0
6948,2016,10,10,2,0,0,0,0,0,3,0
6948,2018,3,3,1,0,0,0,0,0,0,0
6954,2016,8,8,2,1,0,1,0,0,2,0
6954,2017,5,4,1,0,1,0,0,1,0,0
6962,2019,3,2,0,0,0,0,1,0,0,0
6972,2008,6,6,1,0,0,1,0,0,2,0
6972,2009,6,5,2,0,0,0,1,0,0,0
6972,2013,7,7,2,0,0,0,0,0,2,0
6976,2009,2,2,0,0,0,0,0,0,1,0
6977,2013,7,7,3,1,0,0,0,0,2,0
6977,2015,6,6,1,0,0,0,0,0,1,0
6977,2016,3,2,2,0,0,1,0,1,0,0
6977,2018,6,5,4,0,0,0,0,1,1,0
6985,2007,3,3,1,0,0,0,0,0,1,0
6985,2010,6,5,1,0,0,1,1,0,1,0
6985,2013,3,3,0,0,0,0,0,0,0,0
6985,2015,3,3,0,0,0,0,0,0,0,0
6985,2016,7,7,1,0,0,0,0,0,0,0
6985,2018,1,0,0,0,0,0,1,0,0,0
7009,2006,1,1,0,0,0,0,0,0,0,0
7019,2013,5,5,0,0,0,0,0,0,3,0
7019,2014,3,3,0,0,0,0,0,0,2,0
7019,2015,2,2,0,0,0,0,0,0,1,0
7019,2018,3,3,0,0,0,0,0,0,2,0
7019,2019,2,1,0,0,0,0,1,0,0,0
7020,2008,3,3,2,0,0,1,0,0,0,0
7020,2010,3,3,1,0,0,0,0,0,1,0
7020,2011,3,3,2,2,0,0,0,0,0,0
7041,2013,5,5,1,0,0,0,0,0,1,0
7042,2009,3,3,0,0,0,0,0,0,1,0
7042,2011,4,4,2,0,0,0,0,0,0,0
7042,2012,3,3,1,0,0,0,0,0,1,0
7043,2008,3,3,1,0,0,0,0,0,0,0
7043,2009,6,6,1,0,0,0,0,0,2,0
7048,2008,3,3,1,0,0,0,0,0,0,0
7060,2010,3,3,0,0,0,0,0,0,0,0
7060,2012,3,3,0,0,0,0,0,0,1,0
7060,2013,3,3,0,0,0,0,0,0,1,0
7060,2016,3,3,0,0,0,0,0,0,1,0
7072,2007,5,5,2,0,0,0,0,0,2,0
7072,2009,4,4,1,1,0,0,0,0,1,0
7072,2012,3,3,1,0,0,1,0,0,1,0
7072,2015,5,4,2,0,0,0,1,0,1,0
7088,2009,6,6,1,1,0,0,0,0,0,0
7088,2010,7,7,3,1,0,0,0,0,3,0
7088,2011,6,6,2,1,0,0,0,0,2,0
7088,2012,7,7,3,0,1,0,0,0,2,0
7088,2014,6,6,3,1,0,0,0,0,2,0
7088,2015,3,3,1,0,0,0,0,0,1,0
7088,2017,11,10,0,0,0,0,1,0,2,0
7089,2015,3,3,0,0,0,0,0,0,1,0
7094,2019,2,2,1,1,0,0,0,0,0,0
7097,2009,1,1,0,0,0,0,0,0,0,0
7103,2019,3,3,1,0,0,0,0,0,1,0
7124,2012,3,3,0,0,0,0,0,0,0,0
7124,2016,3,3,2,1,0,0,0,0,1,0
7127,2006,2,2,1,0,0,0,0,0,0,0
7127,2007,7,7,3,2,0,0,0,0,0,0
7127,2008,16,12,4,3,0,0,4,0,3,0
7127,2009,9,9,3,0,0,1,0,0,1,0
7127,2010,8,7,1,1,0,0,1,0,2,0
7127,2011,13,12,1,0,0,0,1,0,3,0
7127,2012,9,8,3,0,0,2,1,0,0,0
7127,2013,4,4,1,1,0,0,0,0,1,0
7127,2017,5,5,0,0,0,0,0,0,0,0
7127,2018,7,7,3,0,0,0,0,0,3,0
7132,2015,3,3,1,0,1,0,0,0,0,0
7132,2016,2,2,0,0,0,0,0,0,1,0
7132,2017,3,3,1,0,0,0,0,0,0,0
7132,2018,1,1,0,0,0,0,0,0,1,0
7132,2019,3,2,1,0,0,0,1,0,1,0
7171,2009,7,6,3,1,0,1,1,0,0,0
7171,2010,3,3,0,0,0,0,0,0,2,0
7171,2011,3,3,1,0,0,0,0,0,0,0
7171,2013,7,7,1,0,0,0,0,0,0,0
7171,2015,6,5,2,0,0,0,0,1,0,0
7171,2016,3,3,1,0,0,0,0,0,2,0
7171,2019,3,3,2,1,0,0,0,0,1,0
7173,2010,2,1,0,0,0,0,0,0,1,0
7188,2009,3,3,0,0,0,0,0,0,1,0
7188,2010,5,5,1,0,0,0,0,0,3,0
7188,2011,2,2,0,0,0,0,0,0,0,0
7209,2010,6,5,2,0,0,1,1,0,0,0
7209,2011,4,4,1,0,0,0,0,0,0,0
7209,2014,16,13,4,1,0,0,2,0,0,1
7209,2015,2,2,0,0,0,0,0,0,0,0
7209,2016,4,4,4,1,0,0,0,0,0,0
7269,2006,3,3,1,0,0,0,0,0,1,0
7269,2009,3,2,0,0,0,0,1,0,0,0
7269,2010,3,2,0,0,0,0,0,1,1,0
7269,2011,11,7,2,1,0,0,2,0,3,0
7273,2019,1,1,0,0,0,0,0,0,1,0
7284,2018,3,3,0,0,0,0,0,0,0,0
7292,2018,1,1,0,0,0,0,0,0,0,0
7320,2014,6,6,3,0,0,0,0,0,0,0
7324,2010,1,0,0,0,0,0,0,0,0,0
7343,2019,2,2,1,0,0,0,0,0,0,0
7362,2007,6,6,0,0,0,0,0,0,1,0
7363,2010,2,2,1,0,0,0,0,0,1,0
7387,2015,6,6,1,0,0,0,0,0,1,0
7387,2016,3,3,0,0,0,0,0,0,0,0
7387,2018,2,1,0,0,0,0,1,0,0,0
7405,2017,7,7,2,1,1,0,0,0,0,0
7405,2018,10,8,1,0,0,0,2,0,2,0
7411,2014,1,1,0,0,0,0,0,0,0,0
7439,2007,2,2,1,0,0,0,0,0,0,0
7439,2010,3,3,1,0,0,0,0,0,0,0
7439,2011,1,1,0,0,0,0,0,0,0,0
7443,2012,3,3,1,0,0,0,0,0,1,0
7449,2018,3,3,0,0,0,0,0,0,2,0
7449,2019,1,1,0,0,0,0,0,0,0,0
7453,2007,5,4,1,0,0,0,1,0,1,0
7453,2008,3,3,1,0,0,0,0,0,1,0
7453,2010,3,3,0,0,0,0,0,0,1,0
7453,2011,1,1,1,0,0,0,0,0,0,0
7456,2013,2,2,0,0,0,0,0,0,2,0
7459,2008,2,2,0,0,0,0,0,0,2,0
7459,2010,1,1,0,0,0,0,0,0,0,0
7462,2016,3,2,1,0,0,0,1,0,1,0
7470,2010,3,2,1,0,0,0,0,1,0,0
7472,2007,3,3,1,1,0,0,0,0,0,0
7492,2006,3,2,1,1,0,0,1,0,0,0
7492,2009,6,6,3,1,0,0,0,0,3,0
7494,2006,3,3,2,1,0,0,0,0,1,0
7494,2008,10,9,0,0,0,0,1,0,2,0
7494,2009,4,3,2,0,0,0,0,1,0,0
7494,2010,3,3,1,0,0,0,0,0,0,0
7510,2015,2,2,0,0,0,0,0,0,0,0
7522,2007,1,0,0,0,0,0,0,0,0,0
7532,2012,2,2,0,0,0,0,0,0,1,0
7543,2011,1,1,1,0,1,0,0,0,0,0
7546,2008,2,0,0,0,0,0,1,0,0,0
7546,2010,2,2,0,0,0,0,0,0,2,0
7830,2006,3,2,2,0,0,1,1,0,0,0
7840,2007,7,6,0,0,0,0,0,0,1,1
7840,2008,3,3,0,0,0,0,0,0,0,0
7840,2009,1,1,0,0,0,0,0,0,1,0
7840,2010,3,2,1,0,0,0,1,0,1,0
7845,2012,3,3,0,0,0,0,0,0,0,0
7847,2007,4,4,1,1,0,0,0,0,0,0
7847,2008,6,5,0,0,0,0,0,0,2,1
7847,2010,7,6,3,1,0,0,1,0,0,0
7847,2011,3,3,0,0,0,0,0,0,1,0
7847,2013,3,3,2,1,0,0,0,0,0,0
7847,2014,3,1,0,0,0,0,2,0,1,0
7847,2015,3,3,0,0,0,0,0,0,0,0
7847,2016,3,3,0,0,0,0,0,0,0,0
7847,2018,3,2,0,0,0,0,0,1,1,0
7847,2019,2,1,1,0,0,0,0,1,0,0
7856,2018,3,3,0,0,0,0,0,0,1,0
7856,2019,1,1,0,0,0,0,0,0,1,0
7860,2016,3,3,1,0,0,0,0,0,1,0
7860,2018,3,3,0,0,0,0,0,0,0,0
7880,2015,9,9,4,0,0,0,0,0,3,0
7886,2009,3,3,0,0,0,0,0,0,0,0
7886,2010,3,2,0,0,0,0,1,0,0,0
7886,2013,3,2,0,0,0,0,1,0,1,0
7931,2012,2,2,0,0,0,0,0,0,2,0
7931,2013,6,5,0,0,0,0,1,0,2,0
7931,2017,3,3,0,0,0,0,0,0,2,0
7947,2014,3,3,2,0,0,1,0,0,0,0
7947,2016,6,6,1,1,0,0,0,0,0,0
7947,2018,3,3,2,0,0,1,0,0,1,0
7950,2006,3,3,1,0,0,0,0,0,0,0
7950,2009,3,3,1,0,0,0,0,0,0,0
7950,2011,3,3,2,2,0,0,0,0,1,0
7958,2013,3,3,1,0,0,0,0,0,1,0
7968,2018,3,2,1,0,0,1,1,0,0,0
7981,2010,7,6,0,0,0,0,1,0,0,0
7981,2011,2,2,0,0,0,0,0,0,0,0
7992,2010,3,3,2,0,0,1,0,0,1,0
7992,2012,3,2,0,0,0,0,1,0,0,0
7992,2013,3,3,2,1,0,0,0,0,1,0
7992,2014,3,3,0,0,0,0,0,0,0,0
8009,2010,7,6,2,1,0,0,1,0,0,0
8009,2011,10,8,2,0,0,0,1,0,1,1
8009,2012,6,5,2,0,0,0,1,0,1,0
8009,2014,2,2,2,1,0,0,0,0,0,0
8009,2015,9,7,3,2,0,0,2,0,0,0
8009,2016,3,2,0,0,0,0,1,0,1,0
8012,2009,3,3,1,0,0,0,0,0,0,0
8012,2010,6,6,0,0,0,0,0,0,5,0
8012,2011,3,3,2,0,0,1,0,0,1,0
8012,2012,6,6,1,0,0,0,0,0,2,0
8012,2014,7,6,2,0,0,1,1,0,3,0
8012,2015,3,3,0,0,0,0,0,0,1,0
8031,2017,3,3,1,0,0,0,0,0,1,0
8043,2017,2,1,0,0,0,0,1,0,0,0
8044,2020,2,1,0,0,0,0,0,0,0,1
8046,2013,3,3,0,0,0,0,0,0,0,0
8046,2017,3,3,0,0,0,0,0,0,0,0
8046,2018,3,2,1,0,0,0,1,0,0,0
8046,2019,5,5,2,0,0,0,0,0,0,0
8052,2007,1,1,0,0,0,0,0,0,1,0
8088,2018,3,2,0,0,0,0,1,0,0,0
8088,2019,2,2,0,0,0,0,0,0,1,0
8090,2007,3,3,2,0,0,1,0,0,1,0
8105,2013,3,2,2,1,0,1,0,1,0,0
8107,2009,3,3,1,1,0,0,0,0,1,0
8107,2011,3,3,2,0,0,1,0,0,0,0
8107,2012,14,14,3,0,0,0,0,0,4,0
8107,2013,14,14,6,1,0,0,0,0,2,0
8107,2014,18,17,5,2,0,0,1,0,2,0
8107,2015,3,2,0,0,0,0,0,1,0,0
8107,2018,3,3,1,0,0,0,0,0,0,0
8109,2015,3,2,1,0,0,0,1,0,1,0
8129,2006,2,2,1,0,0,0,0,0,0,0
8129,2007,6,4,2,0,0,0,2,0,2,0
8151,2018,3,3,0,0,0,0,0,0,2,0
8151,2019,2,1,0,0,0,0,1,0,1,0
8156,2010,1,1,0,0,0,0,0,0,0,0
8156,2011,3,3,0,0,0,0,0,0,0,0
8156,2012,5,5,0,0,0,0,0,0,3,0
8169,2008,2,2,0,0,0,0,0,0,2,0
8169,2016,6,6,1,0,0,1,0,0,3,0
8176,2011,1,1,0,0,0,0,0,0,0,0
8178,2017,2,2,0,0,0,0,0,0,0,0
8178,2019,3,1,1,0,0,0,1,1,0,0
8189,2013,3,3,0,0,0,0,0,0,0,0
8189,2016,3,3,2,1,0,0,0,0,1,0
8190,2010,3,3,1,1,0,0,0,0,0,0
8190,2012,3,2,0,0,0,0,0,0,0,1
8204,2013,3,3,0,0,0,0,0,0,0,0
8209,2015,3,3,0,0,0,0,0,0,2,0
8217,2011,3,3,1,0,0,0,0,0,1,0
8217,2012,9,9,3,0,0,0,0,0,0,0
8248,2006,2,2,1,0,0,0,0,0,0,0
8262,2018,2,2,0,0,0,0,0,0,0,0
8278,2011,5,5,0,0,0,0,0,0,0,0
8278,2012,3,2,0,0,0,0,1,0,0,0
8282,2019,3,2,1,0,0,1,1,0,0,0
8294,2011,2,0,0,0,0,0,1,0,0,0
8294,2012,2,1,0,0,0,0,0,0,0,0
8294,2013,2,2,0,0,0,0,0,0,2,0
8294,2014,7,5,0,0,0,0,1,0,4,0
8297,2012,8,8,1,0,0,0,0,0,4,0
8302,2008,2,2,1,0,0,0,0,0,0,0
8302,2009,4,4,1,1,0,0,0,0,1,0
8302,2010,3,3,0,0,0,0,0,0,2,0
8305,2018,2,2,0,0,0,0,0,0,2,0
8316,2011,2,1,1,0,0,0,1,0,0,0
8330,2019,1,1,1,0,0,0,0,0,0,0
8334,2006,1,1,0,0,0,0,0,0,1,0
8334,2008,2,2,0,0,0,0,0,0,2,0
8334,2009,2,2,0,0,0,0,0,0,2,0
8334,2011,2,2,0,0,0,0,0,0,2,0
8334,2012,3,2,0,0,0,0,0,0,1,0
8334,2013,2,2,0,0,0,0,0,0,0,0
8354,2009,2,2,0,0,0,0,0,0,1,0
8354,2010,2,2,0,0,0,0,0,0,1,0
8355,2015,1,1,0,0,0,0,0,0,0,0
8361,2008,2,1,0,0,0,0,1,0,0,0
8372,2019,2,2,0,0,0,0,0,0,2,0
8381,2016,6,6,3,0,0,0,0,0,1,0
8381,2018,3,3,0,0,0,0,0,0,0,0
8389,2016,6,6,2,0,0,0,0,0,2,0
8389,2020,2,2,0,0,0,0,0,0,0,0
8415,2019,3,3,1,0,0,0,0,0,2,0
8431,2019,3,3,0,0,0,0,0,0,0,0
8451,2009,2,2,0,0,0,0,0,0,1,0
8456,2018,3,3,0,0,0,0,0,0,1,0
8474,2006,2,2,0,0,0,0,0,0,1,0
8486,2006,6,6,1,0,0,0,0,0,2,0
8486,2007,3,3,0,0,0,0,0,0,2,0
8486,2011,3,3,1,0,0,0,0,0,1,0
8486,2013,3,3,1,0,0,0,0,0,0,0
8497,2007,2,1,0,0,0,0,0,0,1,0
8501,2018,8,6,2,0,0,0,1,1,0,0
8508,2015,6,4,0,0,0,0,1,0,1,1
8508,2016,6,6,1,0,0,0,0,0,1,0
8512,2014,1,1,0,0,0,0,0,0,1,0
8526,2016,6,5,3,0,0,1,1,0,1,0
8526,2018,3,3,0,0,0,0,0,0,2,0
8544,2010,3,3,0,0,0,0,0,0,1,0
8544,2015,3,3,0,0,0,0,0,0,2,0
8556,2006,1,1,0,0,0,0,0,0,0,0
8557,2006,2,1,0,0,0,0,0,0,1,0
8558,2007,3,3,0,0,0,0,0,0,0,0
8558,2008,4,4,0,0,0,0,0,0,1,0
8578,2018,5,5,2,2,0,0,0,0,1,0
8597,2012,2,1,0,0,0,0,1,0,0,0
8601,2010,2,1,1,0,0,0,1,0,0,0
8601,2011,3,3,0,0,0,0,0,0,1,0
8612,2007,1,1,1,0,0,0,0,0,0,0
8618,2018,3,3,2,0,0,1,0,0,0,0
8623,2013,9,9,2,0,0,1,0,0,5,0
8623,2014,12,12,3,0,0,2,0,0,2,0
8623,2015,6,5,3,0,0,0,1,0,0,0
8623,2017,3,3,0,0,0,0,0,0,1,0
8623,2018,3,3,1,0,0,0,0,0,2,0
8623,2019,8,8,0,0,0,0,0,0,5,0
8628,2012,3,3,1,0,0,0,0,0,0,0
8628,2013,3,3,0,0,0,0,0,0,2,0
8634,2019,2,2,0,0,0,0,0,0,2,0
8636,2009,1,1,0,0,0,0,0,0,1,0
8641,2006,2,2,1,0,0,1,0,0,0,0
8641,2007,6,6,0,0,0,0,0,0,1,0
8641,2008,3,3,1,0,0,0,0,0,0,0
8641,2009,7,6,2,0,0,0,0,0,2,0
8641,2010,12,11,4,1,0,0,1,0,1,0
8641,2011,8,5,1,0,0,0,1,1,2,1
8641,2012,3,3,1,1,0,0,0,0,1,0
8641,2014,4,4,2,1,0,0,0,0,0,0
8641,2015,7,7,2,0,0,0,0,0,4,0
8677,2014,3,3,1,0,0,0,0,0,0,0
8677,2015,7,7,4,2,0,0,0,0,0,0
8695,2012,1,1,0,0,0,0,0,0,1,0
8721,2012,6,5,1,1,0,0,1,0,1,0
8722,2009,3,3,0,0,0,0,0,0,0,0
8722,2012,1,1,0,0,0,0,0,0,1,0
8722,2013,3,3,2,1,0,0,0,0,0,0
8722,2015,3,3,0,0,0,0,0,0,2,0
8722,2016,3,3,1,0,0,0,0,0,1,0
8722,2019,2,2,0,0,0,0,0,0,0,0
8740,2011,1,1,1,0,0,1,0,0,0,0
8747,2012,5,5,1,0,0,0,0,0,0,0
8747,2014,1,1,1,0,0,0,0,0,0,0
8755,2006,3,3,0,0,0,0,0,0,1,0
8755,2008,1,1,0,0,0,0,0,0,0,0
8782,2009,9,8,3,1,0,0,1,0,0,0
8782,2011,7,7,1,0,0,0,0,0,1,0
8783,2011,1,1,0,0,0,0,0,0,0,0
8789,2014,2,1,0,0,0,0,0,0,1,0
8805,2009,3,3,1,1,0,0,0,0,2,0
8805,2015,4,3,0,0,0,0,1,0,1,0
8805,2016,3,2,0,0,0,0,1,0,2,0
8805,2018,3,3,1,0,0,1,0,0,1,0
8809,2018,1,1,0,0,0,0,0,0,0,0
8812,2008,4,4,3,1,0,1,0,0,0,0
8812,2010,6,6,2,1,0,0,0,0,2,0
8812,2011,2,2,0,0,0,0,0,0,0,0
8812,2012,3,3,0,0,0,0,0,0,1,0
8812,2015,3,3,2,0,0,2,0,0,0,0
8823,2009,5,4,2,1,0,0,0,1,1,0
8823,2010,2,2,1,0,0,0,0,0,0,0
8823,2011,3,3,0,0,0,0,0,0,2,0
8823,2012,2,2,0,0,0,0,0,0,0,0
8834,2007,2,2,0,0,0,0,0,0,1,0
8834,2014,4,4,0,0,0,0,0,0,1,0
8835,2012,3,3,0,0,0,0,0,0,2,0
8853,2007,3,2,1,0,0,0,1,0,1,0
8853,2008,3,3,1,1,0,0,0,0,0,0
8854,2007,4,4,1,0,0,0,0,0,1,0
8854,2008,2,2,0,0,0,0,0,0,0,0
8854,2009,6,6,2,1,0,0,0,0,2,0
8854,2010,3,2,1,0,0,0,1,0,1,0
8854,2013,3,3,2,1,0,0,0,0,0,0
8854,2014,8,8,1,0,0,0,0,0,6,0
8854,2015,6,6,1,0,0,1,0,0,2,0
8854,2019,3,3,2,0,0,0,0,0,0,0
8860,2013,6,5,1,0,0,0,1,0,0,0
8860,2016,2,1,1,0,0,0,0,0,0,0
8860,2017,6,6,1,0,0,0,0,0,1,0
8872,2007,2,2,1,1,0,0,0,0,0,0
8872,2013,3,3,1,1,0,0,0,0,1,0
8872,2014,3,3,1,1,0,0,0,0,0,0
8872,2015,3,3,1,0,0,0,0,0,2,0
8872,2016,3,3,0,0,0,0,0,0,0,0
8874,2016,2,2,1,0,0,0,0,0,0,0
8874,2018,7,7,3,0,0,1,0,0,2,0
8874,2019,4,4,2,1,0,0,0,0,0,0
8886,2009,1,1,0,0,0,0,0,0,0,0
8893,2015,3,3,0,0,0,0,0,0,1,0
8893,2016,2,2,0,0,0,0,0,0,0,0
8904,2013,3,2,1,0,0,0,1,0,0,0
8904,2015,3,3,2,0,1,0,0,0,1,0
8904,2016,3,3,2,1,0,0,0,0,0,0
8904,2018,3,3,1,0,0,0,0,0,0,0
8904,2019,10,10,5,1,0,1,0,0,2,0
8923,2016,2,2,0,0,0,0,0,0,2,0
8923,2017,4,3,1,1,0,0,0,0,0,1
8923,2018,2,2,0,0,0,0,0,0,2,0
8925,2013,3,2,0,0,0,0,1,0,0,0
8925,2016,3,3,0,0,0,0,0,0,1,0
8925,2017,6,6,0,0,0,0,0,0,3,0
8925,2018,9,8,3,0,0,1,0,1,1,0
8928,2006,2,1,0,0,0,0,0,0,1,1
8960,2011,6,6,2,0,0,0,0,0,1,0
8960,2012,4,4,1,0,0,0,0,0,1,0
8972,2014,3,2,0,0,0,0,0,0,1,0
8972,2015,3,3,1,0,0,0,0,0,1,0
8981,2016,2,1,0,0,0,0,1,0,0,0
9003,2013,3,3,1,1,0,0,0,0,1,0
9010,2006,1,1,0,0,0,0,0,0,0,0
9010,2008,1,1,0,0,0,0,0,0,0,0
9012,2006,2,1,0,0,0,0,1,0,1,0
9012,2007,4,4,0,0,0,0,0,0,3,0
9012,2008,7,7,1,0,0,0,0,0,2,0
9012,2009,6,6,1,0,1,0,0,0,0,0
9012,2010,4,4,0,0,0,0,0,0,1,0
9012,2011,6,6,2,0,1,0,0,0,1,0
9012,2014,7,5,1,0,0,0,2,0,2,0
9012,2015,8,7,4,1,0,0,1,0,0,0
9012,2016,3,2,0,0,0,0,1,0,1,0
9012,2017,3,2,0,0,0,0,1,0,0,0
9036,2006,4,4,1,0,0,0,0,0,1,0
9046,2015,3,3,2,1,0,0,0,0,0,0
9051,2006,2,2,1,1,0,0,0,0,0,0
9051,2008,4,4,1,0,0,0,0,0,0,0
9051,2009,7,6,1,0,0,0,0,0,0,0
9051,2013,7,7,1,1,0,0,0,0,1,0
9059,2013,3,3,0,0,0,0,0,0,2,0
9060,2018,3,3,1,0,0,0,0,0,0,0
9060,2019,3,3,1,0,0,1,0,0,0,0
9064,2016,3,3,0,0,0,0,0,0,0,0
9064,2019,5,5,1,0,0,0,0,0,2,0
9067,2016,2,2,2,2,0,0,0,0,0,0
9067,2017,3,2,2,0,0,2,1,0,0,0
9067,2018,9,6,4,1,0,1,1,2,1,0
9069,2008,2,2,0,0,0,0,0,0,2,0
9081,2015,3,2,0,0,0,0,1,0,0,0
9081,2018,3,3,1,0,0,1,0,0,0,0
9085,2016,3,2,0,0,0,0,1,0,0,0
9085,2018,8,7,1,0,0,1,0,1,2,0
9100,2015,3,3,1,0,0,0,0,0,1,0
9100,2018,2,2,0,0,0,0,0,0,1,0
9105,2012,3,3,1,0,0,1,0,0,2,0
9118,2016,3,3,0,0,0,0,0,0,1,0
9118,2018,6,4,1,0,0,0,1,0,2,0
9119,2017,6,6,1,1,0,0,0,0,1,0
9120,2013,13,11,4,1,0,0,1,1,0,0
9125,2012,3,3,0,0,0,0,0,0,0,0
9125,2013,6,5,0,0,0,0,1,0,2,0
9125,2019,3,3,1,0,0,0,0,0,1,0
9129,2012,1,1,0,0,0,0,0,0,1,0
9154,2006,3,3,0,0,0,0,0,0,1,0
9156,2010,3,3,2,2,0,0,0,0,0,0
9156,2012,4,4,3,1,0,1,0,0,1,0
9156,2013,4,4,2,1,0,0,0,0,0,0
9156,2014,8,7,2,0,0,0,1,0,3,0
9156,2015,6,6,4,0,0,1,0,0,0,0
9156,2019,3,3,0,0,0,0,0,0,0,0
9187,2007,4,4,1,0,0,0,0,0,0,0
9187,2008,12,12,2,1,0,0,0,0,0,0
9187,2009,6,6,2,1,0,0,0,0,0,0
9187,2010,11,10,5,1,0,1,1,0,1,0
9187,2011,11,10,4,0,0,0,1,0,2,0
9187,2012,13,13,1,0,0,0,0,0,2,0
9187,2013,6,6,3,1,0,0,0,0,0,0
9187,2015,9,8,4,1,0,1,1,0,0,0
9187,2019,6,6,2,0,0,0,0,0,0,0
9191,2006,2,2,1,0,0,1,0,0,1,0
9193,2017,3,3,1,0,0,0,0,0,0,0
9198,2012,2,2,0,0,0,0,0,0,1,0
9203,2011,2,2,0,0,0,0,0,0,1,0
9232,2013,3,3,0,0,0,0,0,0,1,0
9232,2014,3,3,1,0,0,0,0,0,2,0
9232,2018,3,2,0,0,0,0,1,0,0,0
9232,2019,1,1,1,0,0,0,0,0,0,0
9233,2006,3,3,1,0,0,0,0,0,1,0
9233,2007,5,4,2,1,0,1,0,0,0,1
9233,2008,6,6,0,0,0,0,0,0,0,0
9233,2010,7,7,0,0,0,0,0,0,2,0
9233,2011,3,3,1,0,0,1,0,0,0,0
9233,2015,4,4,1,0,0,1,0,0,0,0
9233,2016,9,8,1,0,0,0,1,0,1,0
9233,2017,15,13,5,1,0,0,2,0,3,0
9233,2018,3,3,0,0,0,0,0,0,1,0
9233,2019,3,3,2,0,0,1,0,0,0,0
9241,2010,3,2,1,0,0,0,1,0,0,0
9241,2012,1,1,0,0,0,0,0,0,1,0
9241,2013,3,3,1,0,0,0,0,0,2,0
9260,2013,3,2,0,0,0,0,1,0,0,0
9260,2014,4,4,0,0,0,0,0,0,2,0
9268,2007,3,3,1,1,0,0,0,0,1,0
9268,2010,3,3,0,0,0,0,0,0,1,0
9268,2011,3,3,0,0,0,0,0,0,2,0
9269,2013,2,2,0,0,0,0,0,0,1,0
9273,2013,8,7,2,0,0,0,1,0,1,0
9276,2019,2,1,1,0,0,0,1,0,0,0
9288,2013,2,1,0,0,0,0,0,1,1,0
9288,2016,3,3,1,1,0,0,0,0,1,0
9317,2006,2,2,2,0,1,0,0,0,0,0
9317,2007,6,6,2,0,0,1,0,0,1,0
9317,2008,6,6,0,0,0,0,0,0,2,0
9317,2010,3,2,0,0,0,0,1,0,2,0
9317,2012,3,3,1,0,0,1,0,0,1,0
9317,2013,3,3,1,0,0,0,0,0,1,0
9317,2014,3,3,0,0,0,0,0,0,1,0
9317,2015,3,3,1,0,0,0,0,0,1,0
9319,2013,4,4,1,0,0,0,0,0,1,0
9324,2006,2,2,0,0,0,0,0,0,2,0
9331,2006,11,10,5,3,0,0,1,0,2,0
9331,2007,3,2,1,1,0,0,1,0,0,0
9331,2008,13,12,3,2,0,0,1,0,5,0
9331,2009,11,11,1,1,0,0,0,0,2,0
9331,2010,7,7,1,0,0,0,0,0,3,0
9331,2011,10,8,2,2,0,0,2,0,2,0
9331,2012,10,10,4,1,0,2,0,0,1,0
9331,2013,3,3,0,0,0,0,0,0,1,0
9331,2014,3,3,1,1,0,0,0,0,0,0
9331,2015,3,2,1,0,0,1,1,0,0,0
9331,2018,3,3,1,0,0,0,0,0,1,0
9335,2016,6,5,1,1,0,0,1,0,0,0
9335,2017,6,6,4,0,0,0,0,0,0,0
9335,2018,3,3,0,0,0,0,0,0,1,0
9338,2008,9,8,2,0,0,0,1,0,1,0
9339,2008,3,2,0,0,0,0,1,0,1,0
9367,2011,4,4,1,0,0,0,0,0,1,0
9367,2012,3,2,0,0,0,0,1,0,1,0
9367,2013,5,5,1,0,0,0,0,0,2,0
9367,2014,6,6,1,0,0,0,0,0,0,0
9367,2015,9,9,2,0,0,1,0,0,1,0
9377,2006,3,3,1,0,0,0,0,0,0,0
9384,2012,6,5,0,0,0,0,1,0,3,0
9384,2013,3,3,1,1,0,0,0,0,0,0
9390,2010,3,3,0,0,0,0,0,0,1,0
9390,2014,3,3,1,0,0,1,0,0,1,0
9390,2015,4,4,2,0,0,0,0,0,0,0
9390,2016,10,9,2,0,0,0,1,0,3,0
9420,2018,2,2,0,0,0,0,0,0,2,0
9428,2015,6,6,3,1,0,0,0,0,3,0
9428,2017,3,2,0,0,0,0,1,0,0,0
9428,2019,5,5,2,2,0,0,0,0,1,0
9435,2013,5,5,0,0,0,0,0,0,3,0
9435,2014,3,3,0,0,0,0,0,0,2,0
9435,2015,1,1,1,0,0,0,0,0,0,0
9436,2011,1,1,1,0,0,0,0,0,0,0
9436,2015,2,1,1,0,0,0,1,0,0,0
9436,2016,4,4,1,0,0,0,0,0,0,0
9436,2018,5,5,0,0,0,0,0,0,2,0
9436,2019,3,3,0,0,0,0,0,0,0,0
9437,2007,2,2,0,0,0,0,0,0,0,0
9437,2008,3,3,1,0,0,0,0,0,2,0
9473,2016,2,1,1,0,0,0,1,0,0,0
9484,2009,4,4,1,0,0,0,0,0,1,0
9484,2016,5,4,2,2,0,0,1,0,1,0
9499,2013,8,7,1,0,0,0,1,0,1,0
9499,2014,13,11,3,1,0,0,2,0,2,0
9499,2018,3,3,1,0,0,1,0,0,1,0
9499,2019,6,6,3,0,0,2,0,0,0,0
9501,2018,3,3,3,1,0,0,0,0,0,0
9507,2006,6,5,1,1,0,0,1,0,3,0
9507,2007,10,9,2,0,0,0,1,0,2,0
9507,2009,7,7,1,1,0,0,0,0,1,0
9507,2010,4,3,2,0,0,0,1,0,0,0
9507,2011,2,2,0,0,0,0,0,0,1,0
9514,2007,3,2,0,0,0,0,1,0,0,0
9520,2012,3,3,1,0,0,0,0,0,0,0
9533,2006,4,4,1,0,0,0,0,0,1,0
9533,2007,10,8,2,0,0,0,2,0,3,0
9533,2008,7,6,0,0,0,0,1,0,1,0
9533,2010,14,14,5,1,0,0,0,0,1,0
9533,2011,8,7,5,1,0,0,1,0,1,0
9533,2012,18,17,9,4,0,0,1,0,3,0
9533,2014,3,3,0,0,0,0,0,0,0,0
9535,2009,2,2,0,0,0,0,0,0,2,0
9537,2018,3,3,0,0,0,0,0,0,2,0
9549,2008,4,3,0,0,0,0,1,0,2,0
9549,2009,3,3,0,0,0,0,0,0,2,0
9549,2010,6,4,2,0,0,2,2,0,1,0
9549,2013,3,3,1,1,0,0,0,0,0,0
9549,2014,3,3,1,0,0,0,0,0,1,0
9549,2015,3,3,0,0,0,0,0,0,2,0
9549,2016,3,2,0,0,0,0,1,0,1,0
9549,2018,2,1,0,0,0,0,0,0,0,1
9549,2019,3,3,0,0,0,0,0,0,1,0
9576,2010,2,2,0,0,0,0,0,0,1,0
9576,2011,2,2,0,0,0,0,0,0,1,0
9596,2016,3,3,1,1,0,0,0,0,1,0
9596,2017,3,3,2,0,0,0,0,0,0,0
9625,2009,5,4,3,0,0,0,1,0,0,0
9625,2013,4,4,0,0,0,0,0,0,0,0
9654,2012,3,3,2,0,0,0,0,0,0,0
9660,2009,1,1,0,0,0,0,0,0,0,0
9663,2014,6,5,1,0,0,0,1,0,2,0
9667,2016,3,3,1,0,0,0,0,0,0,0
9668,2015,3,3,0,0,0,0,0,0,1,0
9668,2016,3,3,0,0,0,0,0,0,1,0
9683,2006,3,2,2,0,0,1,1,0,0,0
9683,2009,4,4,2,1,0,0,0,0,0,0
9690,2018,3,3,1,1,0,0,0,0,0,0
9707,2010,3,3,1,1,0,0,0,0,1,0
9710,2009,4,4,1,0,0,1,0,0,2,0
9710,2011,3,3,0,0,0,0,0,0,0,0
9710,2012,1,1,0,0,0,0,0,0,0,0
9739,2016,2,2,1,0,0,0,0,0,1,0
9746,2018,3,2,0,0,0,0,1,0,0,0
9746,2019,5,4,0,0,0,0,0,1,1,0
9759,2019,3,3,0,0,0,0,0,0,1,0
9763,2006,3,1,0,0,0,0,1,1,1,0
9763,2009,3,3,0,0,0,0,0,0,3,0
9763,2015,3,1,0,0,0,0,1,1,0,0
9763,2016,3,3,0,0,0,0,0,0,2,0
9790,2010,6,6,3,1,0,0,0,0,0,0
9790,2011,3,3,1,1,0,0,0,0,1,0
9795,2018,1,1,0,0,0,0,0,0,0,0
9801,2008,3,3,0,0,0,0,0,0,0,0
9801,2009,3,3,1,0,0,1,0,0,0,0
9818,2012,3,3,1,0,0,0,0,0,1,0
9818,2015,6,6,0,0,0,0,0,0,4,0
9818,2016,3,1,1,0,0,0,2,0,0,0
9818,2018,2,2,0,0,0,0,0,0,2,0
9837,2015,3,3,0,0,0,0,0,0,0,0
9842,2012,1,1,0,0,0,0,0,0,1,0
9850,2009,3,3,0,0,0,0,0,0,1,0
9860,2015,2,2,1,0,0,0,0,0,0,0
9860,2019,6,6,1,0,0,0,0,0,0,0
9863,2006,3,2,0,0,0,0,0,0,2,1
9863,2007,4,4,2,0,0,0,0,0,0,0
9863,2009,6,4,1,1,0,0,1,0,1,1
9863,2010,3,2,0,0,0,0,1,0,0,0
9863,2011,3,2,1,0,0,0,0,1,1,0
9893,2009,3,3,0,0,0,0,0,0,3,0
9894,2015,3,3,0,0,0,0,0,0,1,0
9897,2015,2,1,0,0,0,0,0,1,0,0
9898,2016,3,3,0,0,0,0,0,0,1,0
9910,2019,3,3,0,0,0,0,0,0,1,0
9923,2009,3,2,0,0,0,0,1,0,2,0
9923,2011,3,2,1,0,0,1,1,0,0,0
9925,2018,3,3,3,1,0,0,0,0,0,0
9925,2019,3,2,1,0,0,0,0,0,1,0
9928,2016,4,4,1,1,0,0,0,0,0,0
9928,2017,6,6,1,0,0,0,0,0,1,0
9941,2012,6,6,2,0,0,0,0,0,1,0
9941,2013,3,3,1,0,0,1,0,0,0,0
9941,2014,3,3,1,0,0,1,0,0,0,0
9941,2015,6,6,2,0,0,0,0,0,0,0
9959,2006,8,8,0,0,0,0,0,0,2,0
9959,2008,12,11,4,1,0,2,1,0,1,0
9959,2009,8,8,4,0,0,2,0,0,0,0
9959,2010,3,3,1,0,0,0,0,0,0,0
9959,2011,6,5,0,0,0,0,1,0,1,0
9959,2012,3,2,2,1,0,1,1,0,0,0
9959,2013,3,3,1,1,0,0,0,0,0,0
9960,2007,3,2,0,0,0,0,1,0,1,0
9960,2008,3,2,0,0,0,0,1,0,0,0
9960,2010,3,3,1,0,0,0,0,0,1,0
9960,2011,1,1,0,0,0,0,0,0,0,0
9960,2012,3,3,0,0,0,0,0,0,2,0
9960,2015,3,3,0,0,0,0,0,0,1,0
9968,2014,2,2,1,0,0,0,0,0,1,0
9972,2012,3,3,1,0,0,1,0,0,0,0
9976,2008,6,6,1,0,0,0,0,0,3,0
9976,2009,6,6,2,0,1,0,0,0,0,0
9976,2010,3,3,0,0,0,0,0,0,2,0
9976,2011,8,8,2,0,1,0,0,0,2,0
10008,2012,10,9,2,2,0,0,0,0,3,1
10008,2013,12,10,1,1,0,0,1,1,5,0
10010,2017,5,4,1,1,0,0,1,0,1,0
10036,2015,3,3,0,0,0,0,0,0,1,0
10036,2016,3,3,1,0,0,0,0,0,1,0
10040,2014,2,2,0,0,0,0,0,0,0,0
10045,2012,6,6,0,0,0,0,0,0,3,0
10045,2013,3,3,0,0,0,0,0,0,2,0
10049,2010,3,3,2,1,0,0,0,0,1,0
10051,2007,1,1,0,0,0,0,0,0,0,0
10051,2008,1,1,0,0,0,0,0,0,0,0
10051,2010,6,6,0,0,0,0,0,0,2,0
10051,2011,3,3,0,0,0,0,0,0,0,0
10109,2009,4,4,1,1,0,0,0,0,0,0
10109,2010,3,3,0,0,0,0,0,0,0,0
10110,2016,3,3,1,0,0,0,0,0,2,0
10116,2008,1,1,0,0,0,0,0,0,0,0
10117,2007,3,3,2,0,0,1,0,0,1,0
10117,2008,3,3,1,1,0,0,0,0,1,0
10117,2012,2,2,0,0,0,0,0,0,1,0
10117,2014,12,11,2,0,0,1,0,1,4,0
10117,2016,3,3,1,0,0,0,0,0,0,0
10126,2007,2,2,0,0,0,0,0,0,1,0
10126,2008,2,2,1,0,0,0,0,0,0,0
10131,2013,2,2,0,0,0,0,0,0,2,0
10136,2009,1,0,0,0,0,0,0,0,0,0
10136,2011,2,2,0,0,0,0,0,0,1,0
10136,2012,2,2,0,0,0,0,0,0,1,0
10137,2010,3,3,0,0,0,0,0,0,2,0
10139,2018,3,3,2,1,1,0,0,0,0,0
10143,2016,1,1,0,0,0,0,0,0,0,0
10143,2017,2,2,0,0,0,0,0,0,0,0
10143,2018,2,2,0,0,0,0,0,0,0,0
10143,2019,3,3,0,0,0,0,0,0,1,0
10148,2006,3,3,1,0,0,0,0,0,1,0
10148,2009,6,6,2,1,0,0,0,0,1,0
10148,2010,3,3,2,0,0,0,0,0,0,0
10150,2009,1,1,1,0,0,1,0,0,0,0
10150,2010,9,8,0,0,0,0,0,1,3,0
10150,2011,13,12,3,1,0,0,1,0,2,0
10150,2012,6,6,3,1,0,0,0,0,1,0
10150,2013,7,6,2,1,0,1,1,0,1,0
10151,2018,3,1,0,0,0,0,2,0,0,0
10153,2015,3,3,0,0,0,0,0,0,0,0
10156,2009,2,2,0,0,0,0,0,0,2,0
10156,2010,2,2,0,0,0,0,0,0,2,0
10181,2009,4,3,1,0,0,0,1,0,0,0
10181,2010,6,6,2,1,0,1,0,0,0,0
10181,2011,8,8,3,0,0,1,0,0,0,0
10181,2012,4,4,0,0,0,0,0,0,0,0
10181,2013,4,4,1,0,0,0,0,0,0,0
10181,2014,7,7,2,1,0,0,0,0,0,0
10181,2015,3,3,0,0,0,0,0,0,2,0
10197,2016,6,3,2,0,0,1,3,0,0,0
10197,2017,3,3,2,0,0,0,0,0,1,0
10205,2013,3,3,0,0,0,0,0,0,0,0
10205,2016,6,5,2,0,0,0,1,0,0,0
10205,2017,6,6,1,0,0,0,0,0,0,0
10206,2016,4,4,1,0,0,0,0,0,2,0
10207,2016,3,3,1,0,0,0,0,0,1,0
10207,2018,1,1,0,0,0,0,0,0,1,0
10207,2019,3,3,1,1,0,0,0,0,1,0
10217,2008,6,6,1,0,0,0,0,0,3,0
10217,2010,3,3,1,0,0,0,0,0,2,0
10222,2009,8,7,3,0,0,0,0,0,2,1
10224,2013,3,2,1,1,0,0,1,0,1,0
10224,2014,3,1,0,0,0,0,1,0,0,0
10230,2011,3,3,0,0,0,0,0,0,3,0
10240,2011,2,2,1,0,0,0,0,0,0,0
10240,2013,9,8,0,0,0,0,1,0,4,0
10240,2014,3,2,1,0,0,0,0,1,0,0
10249,2011,1,1,0,0,0,0,0,0,0,0
10276,2009,2,2,0,0,0,0,0,0,1,0
10276,2011,4,4,0,0,0,0,0,0,0,0
10288,2018,2,2,0,0,0,0,0,0,1,0
10288,2019,2,2,1,0,0,0,0,0,1,0
10291,2018,4,4,1,0,0,0,0,0,1,0
10296,2010,3,2,2,0,0,0,1,0,0,0
10296,2011,4,4,2,1,0,0,0,0,0,0
10296,2012,4,4,1,1,0,0,0,0,1,0
10318,2006,2,2,0,0,0,0,0,0,0,0
10318,2007,6,5,1,0,0,0,1,0,1,0
10318,2008,6,5,3,0,0,0,1,0,1,0
10327,2015,3,3,0,0,0,0,0,0,3,0
10327,2016,5,5,2,0,0,0,0,0,1,0
10327,2017,3,3,1,0,0,1,0,0,0,0
10327,2018,5,4,1,0,0,0,1,0,0,0
10360,2007,1,1,0,0,0,0,0,0,0,0
10360,2008,3,3,1,0,0,0,0,0,1,0
10360,2014,3,3,0,0,0,0,0,0,0,0
10366,2015,1,1,0,0,0,0,0,0,0,0
10382,2009,3,3,0,0,0,0,0,0,3,0
10401,2009,7,7,1,1,0,0,0,0,1,0
10401,2010,6,6,1,1,0,0,0,0,1,0
10401,2011,1,1,0,0,0,0,0,0,0,0
10401,2012,8,6,1,1,0,0,1,0,1,0
10401,2013,4,4,1,0,0,0,0,0,0,0
10401,2014,1,1,0,0,0,0,0,0,0,0
10404,2019,3,2,0,0,0,0,1,0,2,0
10406,2014,3,2,0,0,0,0,1,0,0,0
10406,2015,15,14,4,0,0,0,1,0,3,0
10406,2016,11,8,3,0,0,1,3,0,2,0
10406,2017,11,10,2,1,0,1,1,0,1,0
10432,2012,3,3,0,0,0,0,0,0,0,0
10432,2013,4,4,1,1,0,0,0,0,1,0
10432,2014,3,3,2,0,0,0,0,0,0,0
10432,2015,3,3,0,0,0,0,0,0,0,0
10432,2017,10,9,3,0,0,0,1,0,2,0
10432,2019,5,5,2,1,0,0,0,0,1,0
10451,2015,2,2,1,0,0,0,0,0,1,0
10451,2016,9,8,1,0,0,0,1,0,3,0
10451,2017,5,5,3,1,0,0,0,0,0,0
10451,2018,10,8,2,1,0,0,2,0,4,0
10456,2019,2,2,0,0,0,0,0,0,1,0
10457,2019,4,3,0,0,0,0,0,0,0,0
10475,2020,2,2,0,0,0,0,0,0,1,0
10510,2019,6,5,1,0,0,0,0,1,1,0
10516,2012,2,2,0,0,0,0,0,0,0,0
10520,2009,6,6,1,0,0,0,0,0,1,0
10547,2006,2,2,1,0,0,0,0,0,0,0
10547,2013,3,3,1,0,0,0,0,0,1,0
10566,2007,2,2,1,0,0,1,0,0,1,0
10566,2012,4,4,0,0,0,0,0,0,3,0
10575,2011,2,2,2,0,0,0,0,0,0,0
10602,2013,9,9,1,1,0,0,0,0,0,0
10602,2014,8,7,0,0,0,0,1,0,2,0
10602,2015,3,3,0,0,0,0,0,0,1,0
10602,2016,7,6,2,0,0,0,1,0,0,0
10602,2017,14,9,2,0,0,0,5,0,2,0
10602,2018,3,1,0,0,0,0,1,1,0,0
10602,2019,3,3,0,0,0,0,0,0,1,0
10623,2019,1,1,1,0,0,0,0,0,0,0
10646,2007,3,3,2,1,0,0,0,0,1,0
10647,2011,4,4,1,0,0,0,0,0,0,0
10650,2019,1,1,0,0,0,0,0,0,1,0
10667,2019,3,3,1,0,0,1,0,0,0,0
10679,2010,1,1,0,0,0,0,0,0,1,0
10742,2018,3,3,1,0,0,0,0,0,1,0
10754,2018,3,3,1,1,0,0,0,0,1,0
10770,2011,3,3,1,0,0,1,0,0,0,0
10780,2011,3,3,2,0,0,0,0,0,1,0
10780,2018,3,3,2,0,0,0,0,0,0,0
10783,2015,2,2,0,0,0,0,0,0,0,0
10783,2016,6,6,0,0,0,0,0,0,0,0
10783,2017,1,0,0,0,0,0,1,0,0,0
10783,2018,2,2,0,0,0,0,0,0,1,0
10797,2013,1,1,0,0,0,0,0,0,0,0
10805,2018,2,2,1,1,0,0,0,0,0,0
10807,2006,2,2,0,0,0,0,0,0,0,0
10807,2009,1,1,0,0,0,0,0,0,1,0
10807,2010,3,2,1,0,0,1,1,0,0,0
10807,2011,3,1,0,0,0,0,2,0,1,0
10807,2012,3,2,0,0,0,0,1,0,1,0
10826,2012,7,7,3,1,0,0,0,0,1,0
10826,2013,6,6,2,0,0,0,0,0,1,0
10826,2014,13,12,1,0,0,0,0,0,2,0
10826,2015,1,1,0,0,0,0,0,0,0,0
10826,2019,3,3,0,0,0,0,0,0,2,0
10828,2013,3,3,0,0,0,0,0,0,1,0
10831,2014,3,3,1,0,0,0,0,0,0,0
10831,2018,3,1,1,0,0,0,2,0,0,0
10833,2015,3,3,0,0,0,0,0,0,3,0
10833,2018,3,3,0,0,0,0,0,0,1,0
10844,2006,13,12,3,0,0,2,1,0,3,0
10844,2007,8,8,2,1,0,1,0,0,2,0
10844,2008,6,6,0,0,0,0,0,0,1,0
10844,2010,3,3,0,0,0,0,0,0,0,0
10861,2008,6,6,1,0,0,0,0,0,3,0
10861,2010,3,2,1,0,0,0,1,0,1,0
10861,2016,3,3,0,0,0,0,0,0,1,0
10864,2018,3,3,0,0,0,0,0,0,1,0
10864,2019,6,5,3,1,0,0,1,0,0,0
10867,2014,3,3,1,0,0,0,0,0,2,0
10871,2016,3,3,1,0,0,1,0,0,2,0
10871,2018,1,1,0,0,0,0,0,0,0,0
10876,2015,4,4,1,0,0,0,0,0,0,0
10876,2018,2,2,0,0,0,0,0,0,0,0
10876,2019,2,2,1,0,0,0,0,0,1,0
10877,2010,4,3,0,0,0,0,1,0,1,0
10877,2012,4,4,3,1,0,0,0,0,0,0
10877,2013,7,7,3,0,0,0,0,0,1,0
10877,2014,15,12,2,0,0,0,3,0,3,0
10877,2015,4,4,0,0,0,0,0,0,1,0
10877,2018,4,4,1,1,0,0,0,0,1,0
10907,2006,3,3,0,0,0,0,0,0,2,0
10907,2007,4,3,1,0,0,0,1,0,0,0
10911,2009,3,3,2,2,0,0,0,0,0,0
10911,2011,3,3,1,0,0,0,0,0,0,0
10922,2015,4,4,0,0,0,0,0,0,1,0
10922,2016,10,7,0,0,0,0,2,1,4,0
10922,2017,6,4,1,0,0,0,2,0,1,0
10922,2018,12,8,3,0,0,3,3,1,1,0
10964,2010,6,6,1,1,0,0,0,0,5,0
10964,2011,13,13,4,0,1,1,0,0,4,0
10964,2012,14,13,3,1,0,1,1,0,6,0
10964,2013,3,3,0,0,0,0,0,0,1,0
10964,2014,9,8,4,0,0,1,1,0,1,0
10964,2015,7,5,0,0,0,0,1,0,2,1
10964,2017,3,3,1,1,0,0,0,0,1,0
10964,2018,3,3,0,0,0,0,0,0,0,0
10979,2018,3,2,0,0,0,0,1,0,1,0
11023,2010,1,1,0,0,0,0,0,0,0,0
11027,2018,1,1,0,0,0,0,0,0,1,0
11040,2020,1,1,0,0,0,0,0,0,0,0
11060,2007,1,1,0,0,0,0,0,0,1,0
11086,2019,4,4,0,0,0,0,0,0,2,0
11111,2013,4,4,2,1,0,0,0,0,0,0
11111,2014,4,3,0,0,0,0,0,0,1,0
11111,2015,1,0,0,0,0,0,0,0,0,0
11111,2019,2,2,1,0,0,0,0,0,1,0
11133,2010,3,3,1,0,0,0,0,0,0,0
11133,2011,5,5,0,0,0,0,0,0,3,0
11133,2012,3,3,1,0,0,0,0,0,0,0
11133,2013,3,3,0,0,0,0,0,0,1,0
11133,2014,3,3,1,0,0,0,0,0,2,0
11133,2015,3,3,1,1,0,0,0,0,2,0
11138,2014,1,0,0,0,0,0,1,0,0,0
11148,2016,3,3,1,0,0,0,0,0,1,0
11148,2018,7,6,1,0,0,0,1,0,2,0
11148,2019,5,1,1,1,0,0,4,0,0,0
11154,2014,2,2,1,0,0,0,0,0,1,0
11154,2015,3,3,2,1,0,0,0,0,0,0
11154,2016,1,1,1,0,0,0,0,0,0,0
11154,2018,3,3,0,0,0,0,0,0,1,0
11162,2009,1,1,1,0,0,0,0,0,0,0
11172,2007,2,2,0,0,0,0,0,0,1,0
11172,2012,2,2,0,0,0,0,0,0,0,0
11186,2009,1,1,0,0,0,0,0,0,0,0
11186,2011,1,1,0,0,0,0,0,0,0,0
11190,2011,3,3,1,0,0,0,0,0,1,0
11190,2015,8,6,2,0,0,0,2,0,0,0
11191,2011,4,4,0,0,0,0,0,0,0,0
11191,2012,2,2,2,0,0,0,0,0,0,0
11191,2013,3,1,0,0,0,0,0,2,0,0
11191,2016,4,4,3,1,0,0,0,0,0,0
11191,2017,3,2,0,0,0,0,0,1,0,0
11191,2019,5,4,0,0,0,0,1,0,1,0
11199,2017,3,2,1,0,0,0,1,0,1,0
11220,2013,3,3,1,0,0,1,0,0,1,0
11227,2016,3,3,0,0,0,0,0,0,0,0
11231,2010,4,3,1,0,0,0,1,0,0,0
11231,2011,4,3,0,0,0,0,0,0,0,1
11231,2013,7,7,2,1,0,0,0,0,1,0
11237,2006,2,2,0,0,0,0,0,0,1,0
11237,2007,7,7,2,1,0,0,0,0,0,0
11239,2018,2,2,0,0,0,0,0,0,0,0
11274,2008,3,3,0,0,0,0,0,0,0,0
11274,2009,9,8,1,0,1,0,0,1,2,0
11274,2010,1,1,0,0,0,0,0,0,0,0
11291,2006,4,3,1,0,0,0,0,1,1,0
11291,2009,6,6,0,0,0,0,0,0,2,0
11291,2010,3,3,0,0,0,0,0,0,1,0
11301,2014,3,3,1,0,0,0,0,0,0,0
11301,2018,3,3,1,1,0,0,0,0,0,0
11301,2019,2,2,1,0,0,0,0,0,1,0
11313,2015,9,8,2,0,0,1,1,0,4,0
11313,2018,4,4,0,0,0,0,0,0,3,0
11313,2019,3,3,1,1,0,0,0,0,2,0
11330,2013,1,1,0,0,0,0,0,0,1,0
11330,2014,4,4,0,0,0,0,0,0,1,0
11330,2017,2,2,0,0,0,0,0,0,0,0
11331,2007,3,3,1,0,0,0,0,0,0,0
11331,2008,11,11,2,0,0,1,0,0,3,0
11331,2009,3,3,2,0,0,1,0,0,0,0
11331,2015,3,3,2,0,0,0,0,0,0,0
11331,2016,3,3,1,0,0,0,0,0,1,0
11332,2006,3,3,2,1,0,0,0,0,0,0
11332,2008,2,2,1,0,0,0,0,0,0,0
11332,2009,7,7,6,2,0,0,0,0,0,0
11332,2010,3,3,0,0,0,0,0,0,0,0
11333,2010,6,5,0,0,0,0,1,0,3,0
11333,2011,8,7,2,0,0,0,0,0,1,0
11333,2012,10,10,3,0,0,0,0,0,3,0
11333,2013,3,2,1,1,0,0,1,0,0,0
11333,2014,9,7,3,2,0,0,2,0,0,0
11333,2017,3,3,2,1,0,0,0,0,0,0
11355,2013,4,3,0,0,0,0,1,0,0,0
11355,2014,3,2,0,0,0,0,0,1,0,0
11361,2007,3,2,0,0,0,0,0,1,1,0
11376,2011,3,3,0,0,0,0,0,0,1,0
11385,2006,2,2,2,0,0,0,0,0,0,0
11385,2007,8,8,3,1,0,1,0,0,3,0
11385,2008,5,4,0,0,0,0,1,0,0,0
11385,2010,4,4,1,0,0,0,0,0,0,0
11385,2011,3,3,1,1,0,0,0,0,1,0
11385,2012,4,3,0,0,0,0,1,0,1,0
11393,2012,3,3,1,0,0,0,0,0,1,0
11404,2013,2,2,0,0,0,0,0,0,0,0
11463,2006,2,2,0,0,0,0,0,0,1,0
11463,2007,2,2,1,1,0,0,0,0,1,0
11515,2014,3,3,1,1,0,0,0,0,1,0
11540,2010,4,3,1,1,0,0,1,0,1,0
11540,2012,4,4,1,1,0,0,0,0,1,0
11540,2013,4,3,0,0,0,0,1,0,1,0
11548,2018,3,3,2,0,0,1,0,0,0,0
11556,2018,3,3,0,0,0,0,0,0,0,0
11560,2010,6,6,1,0,0,0,0,0,3,0
11569,2008,2,2,0,0,0,0,0,0,0,0
11569,2009,6,5,0,0,0,0,1,0,2,0
11573,2006,3,2,0,0,0,0,1,0,1,0
11573,2008,3,3,2,0,0,1,0,0,0,0
11573,2009,3,3,0,0,0,0,0,0,1,0
11573,2012,3,3,1,0,0,0,0,0,0,0
11589,2006,2,2,1,0,0,0,0,0,0,0
11589,2008,8,8,1,0,0,0,0,0,4,0
11589,2012,3,3,1,0,0,0,0,0,0,0
11609,2015,4,2,1,1,0,0,1,1,0,0
11609,2016,9,8,1,0,0,0,0,0,4,1
11609,2017,13,10,2,0,0,0,3,0,2,0
11609,2018,3,3,3,0,1,1,0,0,0,0
11615,2015,12,12,4,0,0,1,0,0,3,0
11615,2016,6,6,2,0,0,1,0,0,1,0
11615,2017,3,2,1,0,0,1,1,0,0,0
11615,2018,3,3,1,0,0,0,0,0,0,0
11625,2006,3,3,0,0,0,0,0,0,1,0
11631,2013,3,2,0,0,0,0,1,0,0,0
11634,2009,2,1,1,0,1,0,1,0,0,0
11634,2011,6,6,0,0,0,0,0,0,2,0
11634,2014,3,2,0,0,0,0,0,0,0,1
11634,2015,6,6,4,0,0,2,0,0,0,0
11643,2011,6,5,2,0,0,0,1,0,2,0
11643,2012,3,3,1,0,0,0,0,0,0,0
11643,2013,3,3,2,1,0,0,0,0,0,0
11643,2014,2,2,0,0,0,0,0,0,1,0
11643,2018,3,2,1,0,0,1,1,0,0,0
11643,2019,3,2,0,0,0,0,1,0,0,0
11644,2013,2,2,0,0,0,0,0,0,2,0
11651,2018,6,6,0,0,0,0,0,0,1,0
11651,2019,6,6,2,0,0,0,0,0,0,0
11665,2006,11,9,2,0,0,0,1,0,2,1
11665,2007,3,3,1,1,0,0,0,0,1,0
11665,2008,12,11,0,0,0,0,1,0,3,0
11665,2009,8,6,0,0,0,0,1,1,4,0
11665,2010,9,8,3,0,0,1,1,0,1,0
11665,2011,13,13,2,1,0,1,0,0,4,0
11665,2012,6,5,0,0,0,0,1,0,3,0
11665,2013,9,7,1,0,0,1,2,0,4,0
11665,2015,3,2,1,0,0,0,1,0,1,0
11681,2012,3,2,0,0,0,0,1,0,0,0
11681,2013,9,9,0,0,0,0,0,0,2,0
11681,2014,6,6,0,0,0,0,0,0,3,0
11681,2015,1,1,1,0,0,0,0,0,0,0
11682,2009,3,3,1,0,0,0,0,0,0,0
11682,2010,6,6,3,0,0,0,0,0,2,0
11682,2011,3,3,0,0,0,0,0,0,1,0
11682,2012,3,3,1,0,0,0,0,0,1,0
11682,2013,8,8,2,1,0,1,0,0,4,0
11682,2014,9,9,2,2,0,0,0,0,3,0
11682,2015,3,3,2,1,0,0,0,0,1,0
11682,2016,7,7,1,0,0,0,0,0,2,0
11682,2017,10,9,3,1,0,2,1,0,2,0
11682,2018,3,3,0,0,0,0,0,0,1,0
11689,2019,2,2,0,0,0,0,0,0,0,0
11693,2007,3,3,0,0,0,0,0,0,1,0
11693,2009,3,3,0,0,0,0,0,0,0,0
11693,2010,2,2,1,0,0,0,0,0,0,0
11693,2011,3,3,0,0,0,0,0,0,1,0
11693,2013,1,1,0,0,0,0,0,0,1,0
11693,2014,3,2,0,0,0,0,0,0,1,1
11693,2016,3,3,0,0,0,0,0,0,0,0
11701,2013,4,4,1,0,0,1,0,0,2,0
11702,2020,1,1,0,0,0,0,0,0,1,0
11703,2015,3,2,0,0,0,0,0,1,0,0
11703,2017,3,3,0,0,0,0,0,0,0,0
11726,2009,3,3,1,0,0,0,0,0,0,0
11726,2012,3,3,0,0,0,0,0,0,1,0
11727,2018,1,1,0,0,0,0,0,0,1,0
11729,2010,3,3,0,0,0,0,0,0,1,0
11729,2015,3,3,0,0,0,0,0,0,0,0
11729,2016,10,9,4,0,0,1,1,0,1,0
11729,2017,11,11,3,0,0,0,0,0,3,0
11729,2018,3,2,1,0,0,0,0,0,0,1
11737,2007,6,6,2,0,0,0,0,0,1,0
11738,2006,2,1,0,0,0,0,1,0,1,0
11756,2009,2,1,0,0,0,0,0,0,1,0
11762,2019,1,1,0,0,0,0,0,0,0,0
11766,2013,3,3,2,0,0,0,0,0,1,0
11766,2014,3,3,1,0,0,0,0,0,0,0
11772,2018,3,3,1,0,0,0,0,0,0,0
11773,2006,1,1,0,0,0,0,0,0,0,0
11774,2016,3,2,1,1,0,0,1,0,0,0
11774,2017,3,3,1,0,0,0,0,0,0,0
11776,2008,3,3,0,0,0,0,0,0,0,0
11776,2011,1,1,0,0,0,0,0,0,0,0
11800,2018,2,1,0,0,0,0,1,0,0,0
11809,2020,1,0,0,0,0,0,1,0,0,0
11813,2012,3,2,0,0,0,0,1,0,0,0
11819,2008,6,6,1,0,0,0,0,0,1,0
11819,2009,6,6,1,0,0,0,0,0,3,0
11823,2010,3,3,0,0,0,0,0,0,1,0
11823,2011,3,2,1,0,0,0,1,0,1,0
11823,2014,1,1,0,0,0,0,0,0,1,0
11851,2013,3,2,1,0,0,0,0,1,1,0
11852,2015,5,3,1,1,0,0,2,0,1,0
11854,2006,8,8,0,0,0,0,0,0,0,0
11864,2018,3,3,1,0,0,0,0,0,2,0
11872,2015,2,1,0,0,0,0,1,0,0,0
11872,2016,4,3,1,0,0,1,0,0,1,1
11873,2007,1,1,0,0,0,0,0,0,0,0
11896,2007,4,3,1,1,0,0,0,0,1,0
11900,2016,6,4,1,0,0,0,2,0,2,0
11904,2012,2,2,0,0,0,0,0,0,0,0
11905,2008,2,2,0,0,0,0,0,0,2,0
11905,2011,3,3,0,0,0,0,0,0,1,0
11912,2008,4,3,0,0,0,0,1,0,1,0
11912,2009,3,3,1,0,0,0,0,0,0,0
11912,2010,4,3,1,1,0,0,1,0,0,0
11912,2011,5,5,0,0,0,0,0,0,0,0
11912,2015,7,6,1,1,0,0,1,0,1,0
11912,2018,3,3,2,0,0,1,0,0,0,0
11912,2019,4,4,1,0,0,0,0,0,2,0
11917,2016,2,2,0,0,0,0,0,0,2,0
11937,2006,2,2,1,0,0,0,0,0,1,0
11942,2010,5,5,0,0,0,0,0,0,2,0
11942,2013,3,3,0,0,0,0,0,0,3,0
11942,2014,3,3,1,1,0,0,0,0,1,0
11942,2019,3,3,0,0,0,0,0,0,1,0
11962,2018,3,3,1,0,0,1,0,0,0,0
11975,2011,3,3,0,0,0,0,0,0,0,0
11975,2013,7,7,1,0,0,0,0,0,1,0
11975,2015,3,2,1,0,0,0,1,0,0,0
11975,2018,3,3,0,0,0,0,0,0,2,0
11984,2012,3,3,1,0,0,0,0,0,1,0
11984,2015,3,3,1,0,0,0,0,0,2,0
12041,2019,3,3,0,0,0,0,0,0,2,0
12095,2008,2,2,0,0,0,0,0,0,0,0
12099,2008,3,3,1,0,0,0,0,0,1,0
12117,2011,4,4,2,0,0,0,0,0,1,0
12119,2006,3,3,0,0,0,0,0,0,1,0
12119,2007,3,2,0,0,0,0,1,0,1,0
12119,2008,7,5,2,2,0,0,2,0,2,0
12119,2009,2,2,0,0,0,0,0,0,1,0
12119,2010,6,5,0,0,0,0,1,0,2,0
12119,2012,1,1,0,0,0,0,0,0,1,0
12119,2014,3,3,0,0,0,0,0,0,1,0
12142,2013,1,1,0,0,0,0,0,0,0,0
12146,2007,1,1,1,0,0,0,0,0,0,0
12147,2010,2,2,0,0,0,0,0,0,1,0
12149,2007,1,1,0,0,0,0,0,0,1,0
12151,2009,6,6,1,0,0,0,0,0,0,0
12151,2010,3,3,0,0,0,0,0,0,0,0
12155,2016,3,3,0,0,0,0,0,0,1,0
12155,2018,1,1,1,0,0,0,0,0,0,0
12166,2011,7,6,0,0,0,0,1,0,2,0
12166,2012,8,8,2,0,0,0,0,0,2,0
12166,2013,10,8,1,0,0,1,1,0,2,1
12166,2014,12,12,2,0,0,1,0,0,4,0
12166,2015,3,3,1,1,0,0,0,0,1,0
12177,2009,2,1,0,0,0,0,0,0,0,0
12186,2013,2,2,0,0,0,0,0,0,2,0
12209,2009,5,4,0,0,0,0,1,0,2,0
12209,2010,2,2,0,0,0,0,0,0,0,0
12209,2011,6,5,2,0,0,0,0,1,1,0
12240,2016,9,9,2,0,0,1,0,0,3,0
12240,2019,2,0,0,0,0,0,1,0,0,1
12256,2009,3,3,0,0,0,0,0,0,1,0
12256,2015,3,3,1,0,0,0,0,0,0,0
12256,2016,6,5,2,1,0,0,1,0,0,0
12256,2018,2,2,0,0,0,0,0,0,1,0
12256,2019,3,3,0,0,0,0,0,0,2,0
12259,2006,2,1,0,0,0,0,1,0,0,0
12259,2008,2,2,1,1,0,0,0,0,0,0
12259,2009,3,3,2,0,0,0,0,0,0,0
12259,2011,3,3,2,0,0,0,0,0,0,0
12289,2006,3,3,0,0,0,0,0,0,0,0
12303,2006,3,1,0,0,0,0,1,0,0,0
12322,2006,9,7,1,0,0,1,2,0,4,0
12322,2007,3,3,1,1,0,0,0,0,2,0
12322,2008,3,3,1,1,0,0,0,0,1,0
12322,2009,6,6,2,0,0,0,0,0,1,0
12322,2010,9,9,3,0,0,1,0,0,4,0
12322,2012,3,3,1,0,0,1,0,0,0,0
12322,2013,3,3,1,1,0,0,0,0,0,0
12354,2018,2,2,0,0,0,0,0,0,0,0
12358,2006,2,2,1,0,0,0,0,0,0,0
12358,2007,2,2,0,0,0,0,0,0,2,0
12363,2016,3,3,0,0,0,0,0,0,2,0
12368,2006,2,2,0,0,0,0,0,0,2,0
12368,2007,6,6,1,1,0,0,0,0,2,0
12380,2009,2,2,0,0,0,0,0,0,0,0
12380,2011,1,1,0,0,0,0,0,0,0,0
12381,2007,3,3,0,0,0,0,0,0,1,0
12381,2011,1,1,0,0,0,0,0,0,0,0
12418,2019,1,0,0,0,0,0,1,0,0,0
12425,2007,8,8,1,1,0,0,0,0,2,0
12425,2008,6,6,2,1,0,0,0,0,0,0
12425,2009,6,5,1,0,0,0,1,0,0,0
12432,2011,1,1,0,0,0,0,0,0,0,0
12463,2019,3,3,1,0,0,0,0,0,0,0
12468,2015,3,3,0,0,0,0,0,0,1,0
12468,2019,5,4,1,0,0,0,0,0,1,1
12472,2019,1,1,0,0,0,0,0,0,0,0
12478,2006,3,3,0,0,0,0,0,0,0,0
12478,2007,1,1,0,0,0,0,0,0,1,0
12485,2006,1,1,0,0,0,0,0,0,1,0
12485,2007,1,1,1,1,0,0,0,0,0,0
12502,2013,3,3,0,0,0,0,0,0,1,0
12523,2006,3,3,0,0,0,0,0,0,1,0
12523,2007,9,8,1,0,0,1,1,0,4,0
12523,2008,7,6,4,2,1,0,0,0,1,0
12523,2009,6,6,3,0,0,0,0,0,1,0
12523,2010,12,12,3,1,0,1,0,0,3,0
12523,2011,5,4,1,0,0,0,1,0,2,0
12523,2012,13,13,5,0,0,2,0,0,2,0
12523,2013,13,11,5,0,0,1,2,0,1,0
12523,2014,17,14,3,2,0,0,3,0,3,0
12527,2006,2,1,0,0,0,0,0,0,0,1
12565,2019,3,3,1,0,0,0,0,0,1,0
12571,2013,3,2,0,0,0,0,1,0,1,0
12571,2014,14,12,2,1,0,0,2,0,3,0
12571,2015,2,2,1,0,0,0,0,0,0,0
12571,2017,3,3,3,2,0,1,0,0,0,0
12571,2018,3,3,1,0,0,0,0,0,1,0
12571,2019,14,13,4,0,0,1,1,0,4,0
12579,2015,4,4,0,0,0,0,0,0,1,0
12588,2010,3,3,0,0,0,0,0,0,1,0
12597,2007,2,1,0,0,0,0,0,0,0,0
12597,2009,1,1,0,0,0,0,0,0,1,0
12597,2011,2,2,2,0,0,0,0,0,0,0
12598,2008,3,3,1,0,0,0,0,0,2,0
12598,2009,3,3,0,0,0,0,0,0,2,0
12598,2010,6,5,2,0,0,0,0,1,0,0
12598,2011,3,3,1,0,0,1,0,0,1,0
12598,2014,14,12,2,1,0,0,1,0,5,1
12598,2015,3,3,1,0,0,0,0,0,0,0
12600,2007,9,9,1,0,0,1,0,0,1,0
12600,2008,3,3,1,0,0,0,0,0,0,0
12602,2010,3,3,1,1,0,0,0,0,0,0
12603,2009,7,7,1,0,0,1,0,0,3,0
12606,2006,4,4,0,0,0,0,0,0,3,0
12608,2011,3,3,1,0,0,0,0,0,0,0
12608,2012,5,5,2,0,0,0,0,0,1,0
12608,2013,14,13,6,2,0,0,0,0,1,0
12608,2014,8,8,1,0,0,0,0,0,3,0
12608,2017,2,2,0,0,0,0,0,0,0,0
12619,2008,3,3,2,0,0,1,0,0,1,0
12633,2006,1,1,0,0,0,0,0,0,0,0
12642,2010,3,3,0,0,0,0,0,0,1,0
12646,2010,1,1,0,0,0,0,0,0,1,0
12658,2017,2,2,1,0,0,0,0,0,0,0
12658,2018,2,1,0,0,0,0,1,0,0,0
12663,2012,2,2,0,0,0,0,0,0,0,0
12666,2006,13,12,3,0,0,1,1,0,3,0
12666,2007,15,15,3,0,0,0,0,0,4,0
12666,2008,10,10,4,1,0,1,0,0,1,0
12666,2009,9,9,2,1,0,0,0,0,2,0
12666,2010,6,5,2,1,0,0,1,0,1,0
12666,2011,3,1,0,0,0,0,2,0,0,0
12666,2012,9,8,3,0,0,0,1,0,2,0
12666,2013,14,13,3,0,0,1,1,0,3,0
12666,2014,3,2,0,0,0,0,1,0,0,0
12666,2015,9,9,2,1,0,0,0,0,2,0
12666,2018,6,4,0,0,0,0,2,0,2,0
12671,2009,2,2,1,0,0,0,0,0,0,0
12672,2012,3,2,0,0,0,0,1,0,1,0
12681,2015,5,4,1,0,0,0,0,0,1,0
12681,2016,2,1,0,0,0,0,1,0,1,0
12681,2017,6,6,1,1,0,0,0,0,2,0
